1   0.00499951   0   29.9082   0   99   0
2   0.0151868   29.9082   60.7948   1   98   0.01
3   0.0249756   60.7948   90.8575   2   97   0.02
4   0.0414894   90.8575   150.333   3   96   0.03
5   0.0549608   150.333   179.754   4   95   0.05
6   0.0649661   179.754   208.969   5   94   0.06
7   0.0749757   208.969   237.982   6   93   0.07
8   0.0917556   237.982   295.417   7   92   0.08
9   0.105017   295.417   323.847   8   91   0.1
10   0.12153   323.847   380.149   9   90   0.11
11   0.13505   380.149   408.03   10   89   0.13
12   0.145054   408.03   435.736   11   88   0.14
13   0.161034   435.736   490.634   12   87   0.15
14   0.175044   490.634   517.835   13   86   0.17
15   0.190587   517.835   571.758   14   85   0.18
16   0.205013   571.758   598.486   15   84   0.2
17   0.22011   598.486   651.496   16   83   0.21
18   0.234998   651.496   677.783   17   82   0.23
19   0.249628   677.783   729.941   18   81   0.24
20   0.264973   729.941   755.818   19   80   0.26
21   0.277766   755.818   794.248   20   79   0.27
22   0.290906   794.248   832.677   21   79   0.27
23   0.304948   832.677   858.051   22   78   0.3
24   0.318612   858.051   908.447   23   77   0.31
25   0.338394   908.447   958.395   24   76   0.33
26   0.354991   958.395   983.208   25   75   0.35
27   0.368195   983.208   1032.53   26   74   0.36
28   0.388198   1032.53   1081.45   27   73   0.38
29   0.408379   1081.45   1130.01   28   72   0.4
30   0.42883   1130.01   1178.21   29   71   0.42
31   0.449684   1178.21   1226.07   30   70   0.44
32   0.470744   1226.07   1273.23   31   69   0.46
33   0.491388   1273.23   1319.59   32   68   0.48
34   0.511696   1319.59   1365.18   33   67   0.5
35   0.534909   1365.18   1432.22   34   66   0.52
36   0.564938   1432.22   1497.72   35   65   0.55
37   0.591356   1497.72   1540.59   36   64   0.58
38   0.611097   1540.59   1582.87   37   63   0.6
39   0.630808   1582.87   1624.57   38   62   0.62
40   0.650469   1624.57   1665.47   39   61   0.64
41   0.670151   1665.47   1706.37   40   61   0.64
42   0.689861   1706.37   1746.53   41   60   0.68
43   0.714878   1746.53   1805.91   42   59   0.7
44   0.744869   1805.91   1864.33   43   58   0.73
45   0.774887   1864.33   1921.88   44   57   0.76
46   0.804934   1921.88   1978.64   45   56   0.79
47   0.834988   1978.64   2034.66   46   55   0.82
48   0.868401   2034.66   2108.35   47   54   0.85
49   0.904977   2108.35   2162.88   48   53   0.89
50   0.934926   2162.88   2216.19   49   52   0.92
51   0.96344   2216.19   2259.19   50   51   0.95
52   0.988204   2259.19   2302.18   51   51   0.95
53   1.02154   2302.18   2368.65   52   50   1
54   1.05496   2368.65   2417.29   53   49   1.04
55   1.09068   2417.29   2480.68   54   48   1.07
56   1.13005   2480.68   2542.55   55   47   1.11
57   1.16468   2542.55   2587.73   56   46   1.15
58   1.19469   2587.73   2632.91   57   46   1.15
59   1.22856   2632.91   2691.73   58   45   1.21
60   1.27489   2691.73   2763.91   59   44   1.25
61   1.31497   2763.91   2806.41   60   43   1.3
62   1.34496   2806.41   2848.9   61   43   1.3
63   1.38485   2848.9   2917.8   62   42   1.36
64   1.43315   2917.8   2976.67   63   41   1.41
65   1.47824   2976.67   3035.55   64   41   1.41
66   1.51496   3035.55   3073.25   65   40   1.5
67   1.54863   3073.25   3116   66   39   1.53
68   1.5815   3116   3158.74   67   39   1.53
69   1.61793   3158.74   3200.03   68   38   1.6
70   1.65076   3200.03   3241.32   69   38   1.6
71   1.68713   3241.32   3281.46   70   37   1.67
72   1.72084   3281.46   3321.61   71   37   1.67
73   1.75809   3321.61   3366.45   72   36   1.74
74   1.79884   3366.45   3411.29   73   36   1.74
75   1.84035   3411.29   3454.37   74   35   1.82
76   1.88133   3454.37   3497.46   75   35   1.82
77   1.92445   3497.46   3548.27   76   34   1.9
78   1.97431   3548.27   3599.08   77   34   1.9
79   2.02429   3599.08   3647.33   78   33   2
80   2.07421   3647.33   3695.59   79   33   2
81   2.12716   3695.59   3746.63   80   32   2.1
82   2.18063   3746.63   3797.66   81   32   2.1
83   2.23619   3797.66   3847.11   82   31   2.21
84   2.29321   3847.11   3896.55   83   31   2.21
85   2.35106   3896.55   3947.13   84   30   2.32
86   2.41087   3947.13   3997.72   85   30   2.32
87   2.47383   3997.72   4053.17   86   29   2.44
88   2.54368   4053.17   4108.63   87   29   2.44
89   2.61673   4108.63   4165.57   88   28   2.58
90   2.69208   4165.57   4222.51   89   28   2.58
91   2.77256   4222.51   4283.02   90   27   2.73
92   2.85666   4283.02   4343.54   91   27   2.73
93   2.95401   4343.54   4416.9   92   26   2.9
94   3.0574   4416.9   4479.29   93   25   3.01
95   3.14746   4479.29   4533.58   94   25   3.01
96   3.2352   4533.58   4587.87   95   25   3.01
97   3.33169   4587.87   4648.28   96   24   3.28
98   3.43665   4648.28   4708.68   97   24   3.28
99   3.54397   4708.68   4768.61   98   23   3.49
100   3.6543   4768.61   4828.53   99   23   3.49
101   3.78241   4828.53   4902.91   100   22   3.71
102   3.93111   4902.91   4977.3   101   22   3.71
103   4.05157   4977.3   5017.27   102   21   4.01
104   4.13624   5017.27   5057.24   103   21   4.01
105   4.24153   5057.24   5111.63   104   20   4.18
106   4.3663   5111.63   5166.01   105   20   4.18
107   4.486   5166.01   5213.6   106   19   4.43
108   4.60247   5213.6   5261.18   107   19   4.43
109   4.74208   5261.18   5325.81   108   18   4.66
110   4.9129   5325.81   5390.44   109   18   4.66
111   5.05538   5390.44   5431.27   110   17   5
112   5.17125   5431.27   5472.09   111   17   5
113   5.30316   5472.09   5522.25   112   16   5.23
114   5.45429   5522.25   5572.41   113   16   5.23
115   5.6093   5572.41   5621.85   114   15   5.53
116   5.76779   5621.85   5671.29   115   15   5.53
117   5.92917   5671.29   5718.96   116   14   5.85
118   6.12736   5718.96   5785.11   117   13   6.01
119   6.36575   5785.11   5851.25   118   13   6.01
120   6.6168   5851.25   5916.08   119   12   6.49
121   6.8748   5916.08   5980.9   120   12   6.49
122   7.12406   5980.9   6034.14   121   11   7.01
123   7.32634   6034.14   6073.79   122   10   7.24
124   7.50798   6073.79   6113.44   123   10   7.24
125   7.69816   6113.44   6155.74   124   9   7.6
126   7.90323   6155.74   6198.05   125   9   7.6
127   8.1165   6198.05   6240.34   126   8   8.01
128   8.33655   6240.34   6282.63   127   8   8.01
129   8.58349   6282.63   6331.46   128   7   8.45
130   8.85824   6331.46   6380.3   129   7   8.45
131   9.19202   6380.3   6444.92   130   6   9
132   9.53632   6444.92   6491.99   131   5   9.39
133   9.84164   6491.99   6539.06   132   5   9.39
134   10.2328   6539.06   6607.01   133   4   10
135   10.7234   6607.01   6674.96   134   4   10
136   11.219   6674.96   6736.14   135   3   10.98
137   11.7185   6736.14   6797.32   136   3   10.98
138   12.1006   6797.32   6825   137   2   11.98
139   12.5291   6825   6892.16   138   2   11.98
140   13.1709   6892.16   6959.31   139   2   11.98
141   13.8596   6959.31   7026.47   140   2   11.98
142   14.5991   7026.47   7093.62   141   2   11.98
143   15.1783   7093.62   7125   142   1   14.99
144   15.7616   7125   7188.02   143   1   14.99
145   16.5933   7188.02   7251.03   144   1   14.99
146   17.4896   7251.03   7314.05   145   1   14.99
147   18.4545   7314.05   7377.07   146   1   14.99
148   19.4966   7377.07   7440.09   147   1   14.99
149   20.075   7440.09   7442.88   148   0   20.05
