5504.000244 3.10619884e-10 
5514.000244 2.23690500e-10 
5524.000244 3.52991309e-10 
5534.000244 7.85654059e-10 
5544.000244 7.50603915e-10 
5554.000244 1.05441579e-09 
5564.000244 7.22068109e-10 
5574.000244 5.94604387e-10 
5584.000244 4.29553995e-10 
5594.000244 4.75891816e-10 
5604.000244 8.56469968e-10 
5614.000244 8.57938791e-10 
5624.000244 5.05873280e-10 
5634.000244 3.42225690e-11 
5644.000244 2.27501447e-11 
5654.000244 1.20250475e-10 
5664.000244 6.02701147e-10 
5674.000244 6.06575399e-10 
5684.000244 9.76173415e-10 
5694.000244 8.26644811e-10 
5704.000244 7.75717790e-10 
5714.000244 4.69465263e-10 
5724.000244 1.24119003e-09 
5734.000244 1.96519569e-09 
5744.000244 1.83676097e-09 
5754.000244 1.74587509e-09 
5764.000244 1.78999279e-09 
5774.000244 2.86446235e-09 
5784.000244 1.67329640e-09 
5794.000244 2.00385256e-09 
5804.000244 2.00090030e-09 
5814.000244 2.50989044e-09 
5824.000244 1.33864071e-09 
5834.000244 2.68837181e-09 
5844.000244 6.51554013e-09 
5854.000244 6.52455508e-09 
5864.000244 5.14238949e-09 
5874.000244 2.93944603e-09 
5884.000244 3.28543558e-09 
5894.000244 2.41748050e-09 
5904.000244 6.14815056e-09 
5914.000244 6.34070421e-09 
5924.000244 7.90606487e-09 
5934.000244 7.26536774e-09 
5944.000244 7.00772970e-09 
5954.000244 7.00727767e-09 
5964.000244 3.71933519e-09 
5974.000244 6.33897718e-09 
5984.000244 9.17903247e-09 
5994.000244 9.73837773e-09 
6004.000244 1.60376011e-08 
6014.000244 1.22852892e-08 
6024.000244 8.71215877e-09 
6034.000244 8.64603086e-09 
6044.000244 8.78529901e-09 
6054.000244 8.21307009e-09 
6064.000244 8.17595756e-09 
6074.000244 9.60044390e-09 
6084.000244 1.05378727e-08 
6094.000244 1.31162072e-08 
6104.000244 1.56862997e-08 
6114.000244 1.55169457e-08 
6124.000244 1.04568908e-08 
6134.000244 1.11646439e-08 
6144.000244 8.74209844e-09 
6154.000244 1.14007220e-08 
6164.000244 1.03760355e-08 
6174.000244 1.09417638e-08 
6184.000244 1.15660725e-08 
6194.000244 8.67649020e-09 
6204.000244 9.85841138e-09 
6214.000244 1.29653515e-08 
6224.000244 1.65261790e-08 
6234.000244 1.57993870e-08 
6244.000244 9.41628257e-09 
6254.000244 8.35772127e-09 
6264.000244 1.10067019e-08 
6274.000244 1.32332053e-08 
6284.000244 9.78997602e-09 
6294.000244 6.09373551e-09 
6304.000244 1.58759243e-08 
6314.000244 2.39206288e-08 
6324.000244 2.59620735e-08 
6334.000244 2.47904090e-08 
6344.000244 2.76309217e-08 
6354.000244 2.97419736e-08 
6364.000244 2.72447894e-08 
6374.000244 3.26058132e-08 
6384.000244 2.97687326e-08 
6394.000244 2.46592840e-08 
6404.000244 2.17018760e-08 
6414.000244 2.35615423e-08 
6424.000244 2.87398015e-08 
6434.000244 2.68063777e-08 
6444.000244 2.99292792e-08 
6454.000244 3.83251189e-08 
6464.000244 3.77017583e-08 
6474.000244 4.35568929e-08 
6484.000244 4.47211064e-08 
6494.000244 4.27596881e-08 
6504.000244 4.15541925e-08 
6514.000244 3.83382136e-08 
6524.000244 4.07947528e-08 
6534.000244 5.04007939e-08 
6544.000244 4.89038964e-08 
6554.000244 4.41479803e-08 
6564.000244 3.11506851e-08 
6574.000244 3.96987001e-08 
6584.000244 5.00908806e-08 
6594.000244 4.72961040e-08 
6604.000244 3.55700852e-08 
6614.000244 4.43996182e-08 
6624.000244 4.32104922e-08 
6634.000244 3.75387454e-08 
6644.000244 3.37352338e-08 
6654.000244 2.49932967e-08 
6664.000244 2.88026715e-08 
6674.000244 2.78196358e-08 
6684.000244 2.78828662e-08 
6694.000244 2.37882864e-08 
6704.000244 2.32761190e-08 
6714.000244 2.76266468e-08 
6724.000244 3.15984855e-08 
6734.000244 3.17513363e-08 
6744.000244 3.58656200e-08 
6754.000244 3.59715838e-08 
6764.000244 3.76145551e-08 
6774.000244 3.16076477e-08 
6784.000244 3.61931215e-08 
6794.000244 3.95838977e-08 
6804.000244 2.78247768e-08 
6814.000244 3.10316493e-08 
6824.000244 2.99114942e-08 
6834.000244 3.60922176e-08 
6844.000244 4.02826271e-08 
6854.000244 4.01305822e-08 
6864.000244 4.45633270e-08 
6874.000244 4.33667924e-08 
6884.000244 5.17314194e-08 
6894.000244 5.91355730e-08 
6904.000244 4.30078228e-08 
6914.000244 3.66727170e-08 
6924.000244 3.56924831e-08 
6934.000244 3.76239526e-08 
6944.000244 2.10933339e-08 
6954.000244 1.94879683e-08 
6964.000244 1.57173536e-08 
6974.000244 2.48664625e-08 
6984.000244 3.49928981e-08 
6994.000244 4.71313089e-08 
7004.000244 4.60940836e-08 
7014.000244 4.98857692e-08 
7024.000244 4.64176885e-08 
7034.000244 3.04191845e-08 
7044.000244 4.25002427e-08 
7054.000244 4.60588990e-08 
7064.000244 4.69323440e-08 
7074.000244 4.62218606e-08 
7084.000244 5.39117062e-08 
7094.000244 6.68456998e-08 
7104.000244 5.71276825e-08 
7114.000244 3.68026822e-08 
7124.000244 4.95027925e-08 
7134.000244 4.95489430e-08 
7144.000244 3.76851804e-08 
7154.000244 4.44381033e-08 
7164.000244 4.45665860e-08 
7174.000244 4.06005124e-08 
7184.000244 3.56667530e-08 
7194.000244 3.98209344e-08 
7204.000244 3.12738629e-08 
7214.000244 3.56137280e-08 
7224.000244 3.65564285e-08 
7234.000244 3.33668508e-08 
7244.000244 2.39227623e-08 
7254.000244 1.86007181e-08 
7264.000244 2.79020011e-08 
7274.000244 2.99662730e-08 
7284.000244 3.54075853e-08 
7294.000244 3.89485119e-08 
7304.000244 4.67788242e-08 
7314.000244 4.79757469e-08 
7324.000244 4.80764617e-08 
7334.000244 5.25112128e-08 
7344.000244 6.42521620e-08 
7354.000244 6.69973093e-08 
7364.000244 7.25385697e-08 
7374.000244 6.18933269e-08 
7384.000244 6.23672594e-08 
7394.000244 5.39809488e-08 
7404.000244 5.67606567e-08 
7414.000244 4.17956160e-08 
7424.000244 2.53624666e-08 
7434.000244 1.92849104e-08 
7444.000244 1.95050972e-08 
7454.000244 3.53878323e-08 
7464.000244 3.01626885e-08 
7474.000244 4.83631820e-08 
7484.000244 4.10943316e-08 
7494.000244 4.09482403e-08 
7504.000244 3.19024104e-08 
7514.000244 3.02668595e-08 
7524.000244 2.93781954e-08 
7534.000244 2.99921599e-08 
7544.000244 2.87504094e-08 
7554.000244 2.66519548e-08 
7564.000244 4.23108649e-08 
7574.000244 5.06729638e-08 
7584.000244 5.78962941e-08 
7594.000244 4.73757349e-08 
7604.000244 4.59044539e-08 
7614.000244 3.91572760e-08 
7624.000244 3.92449580e-08 
7634.000244 3.57181679e-08 
7644.000244 3.91540371e-08 
7654.000244 3.84339665e-08 
7664.000244 4.53674381e-08 
7674.000244 5.91183477e-08 
7684.000244 6.92117903e-08 
7694.000244 6.23848072e-08 
7704.000244 5.50361311e-08 
7714.000244 6.96380492e-08 
7724.000244 6.33290998e-08 
7734.000244 7.51660959e-08 
7744.000244 6.42321720e-08 
7754.000244 6.71006482e-08 
7764.000244 6.04889367e-08 
7774.000244 6.43522951e-08 
7784.000244 5.52894486e-08 
7794.000244 5.77699693e-08 
7804.000244 5.62702792e-08 
7814.000244 5.56319516e-08 
7824.000244 4.36430907e-08 
7834.000244 4.46795205e-08 
7844.000244 4.40393701e-08 
7854.000244 4.07779427e-08 
7864.000244 3.83420422e-08 
7874.000244 4.75288757e-08 
7884.000244 6.56120530e-08 
7894.000244 7.14673813e-08 
7904.000244 6.15397521e-08 
7914.000244 4.92350458e-08 
7924.000244 4.56697416e-08 
7934.000244 4.23930924e-08 
7944.000244 8.41052686e-08 
7954.000244 1.38935186e-07 
7964.000244 1.78892613e-07 
7974.000244 2.05731074e-07 
7984.000244 2.26748005e-07 
7994.000244 2.46576808e-07 
8004.000244 2.42750415e-07 
8014.000244 2.55987619e-07 
8024.000244 2.75649633e-07 
8034.000244 2.95381608e-07 
8044.000244 3.00812817e-07 
8054.000244 3.07421561e-07 
8064.000244 3.06214435e-07 
8074.000244 3.19928566e-07 
8084.000244 3.06860226e-07 
8094.000244 2.84614000e-07 
8104.000244 2.91958209e-07 
8114.000244 2.56994948e-07 
8124.000244 2.05345070e-07 
8134.000244 1.81163950e-07 
8144.000244 1.57552574e-07 
8154.000244 1.18863724e-07 
8164.000244 1.06005083e-07 
8174.000244 9.78016488e-08 
8184.000244 8.07757095e-08 
8194.000244 7.75819998e-08 
8204.000244 6.52027329e-08 
8214.000244 6.50510187e-08 
8224.000244 6.44086068e-08 
8234.000244 6.25888678e-08 
8244.000244 5.91475983e-08 
8254.000244 7.03368809e-08 
8264.000244 7.71982481e-08 
8274.000244 7.50192425e-08 
8284.000244 7.73978855e-08 
8294.000244 6.87090178e-08 
8304.000244 5.79574497e-08 
8314.000244 4.96984847e-08 
8324.000244 4.13502004e-08 
8334.000244 3.53216829e-08 
8344.000244 4.38411580e-08 
8354.000244 5.08439585e-08 
8364.000244 5.20414572e-08 
8374.000244 6.08335401e-08 
8384.000244 5.38641696e-08 
8394.000244 4.98433449e-08 
8404.000244 5.36655704e-08 
8414.000244 6.58378096e-08 
8424.000244 7.11015738e-08 
8434.000244 7.34163835e-08 
8444.000244 6.34800602e-08 
8454.000244 8.75404825e-08 
8464.000244 9.38770293e-08 
8474.000244 8.80526768e-08 
8484.000244 9.02975027e-08 
8494.000244 1.13948638e-07 
8504.000244 9.58754649e-08 
8514.000244 7.22215191e-08 
8524.000244 7.54211408e-08 
8534.000244 6.84116369e-08 
8544.000244 8.46925603e-08 
8554.000244 9.09687054e-08 
8564.000244 1.00523286e-07 
8574.000244 1.14413512e-07 
8584.000244 1.37613505e-07 
8594.000244 1.17391299e-07 
8604.000244 9.72732388e-08 
8614.000244 1.18119998e-07 
8624.000244 1.42131793e-07 
8634.000244 1.16892771e-07 
8644.000244 1.10007921e-07 
8654.000244 1.09384265e-07 
8664.000244 9.32166652e-08 
8674.000244 6.01588747e-08 
8684.000244 4.94154386e-08 
8694.000244 5.83380397e-08 
8704.000244 7.96901561e-08 
8714.000244 7.07590849e-08 
8724.000244 8.65782842e-08 
8734.000244 8.05469810e-08 
8744.000244 1.00431898e-07 
8754.000244 7.91689278e-08 
8764.000244 1.16387950e-07 
8774.000244 1.48388329e-07 
8784.000244 1.24511921e-07 
8794.000244 1.24885553e-07 
8804.000244 2.13577183e-07 
8814.000244 1.68811250e-07 
8824.000244 1.71113356e-07 
8834.000244 4.44499199e-07 
8844.000244 6.73947853e-07 
8854.000244 6.94637300e-07 
8864.000244 8.49029346e-07 
8874.000244 7.48826281e-07 
8884.000244 5.86299524e-07 
8894.000244 8.34018380e-07 
8904.000244 6.82863798e-07 
8914.000244 7.21392123e-07 
8924.000244 9.21926315e-07 
8934.000244 1.13422200e-06 
8944.000244 8.06667003e-07 
8954.000244 7.34173425e-07 
8964.000244 5.62723420e-07 
8974.000244 4.65613647e-07 
8984.000244 2.38517946e-07 
8994.000244 2.68517400e-07 
9004.000244 2.65430967e-07 
9014.000244 2.71711350e-07 
9024.000244 2.85860543e-07 
9034.000244 2.76966029e-07 
9044.000244 2.65505248e-07 
9054.000244 2.56185341e-07 
9064.000244 2.34669620e-07 
9074.000244 2.23385239e-07 
9084.000244 2.30157971e-07 
9094.000244 1.95479748e-07 
9104.000244 1.96362143e-07 
9114.000244 2.16012848e-07 
9124.000244 1.97112025e-07 
9134.000244 1.97810432e-07 
9144.000244 2.17328634e-07 
9154.000244 2.08026530e-07 
9164.000244 1.89231840e-07 
9174.000244 1.83478994e-07 
9184.000244 1.81896429e-07 
9194.000244 2.11817069e-07 
9204.000244 2.09805117e-07 
9214.000244 2.21219066e-07 
9224.000244 2.65606891e-07 
9234.000244 2.86824221e-07 
9244.000244 2.85095866e-07 
9254.000244 3.06892399e-07 
9264.000244 3.00855513e-07 
9274.000244 2.91719757e-07 
9284.000244 3.05917815e-07 
9294.000244 3.23602331e-07 
9304.000244 3.20315642e-07 
9314.000244 3.48414714e-07 
9324.000244 3.65516310e-07 
9334.000244 3.83460182e-07 
9344.000244 3.88064679e-07 
9354.000244 4.06944681e-07 
9364.000244 4.17165776e-07 
9374.000244 4.16534146e-07 
9384.000244 4.06183630e-07 
9394.000244 4.15266859e-07 
9404.000244 4.20884564e-07 
9414.000244 4.09030415e-07 
9424.000244 3.99251769e-07 
9434.000244 3.84198447e-07 
9444.000244 3.89756016e-07 
9454.000244 4.12192492e-07 
9464.000244 3.95055489e-07 
9474.000244 3.74972754e-07 
9484.000244 3.95036567e-07 
9494.000244 3.88307001e-07 
9504.000244 3.59792118e-07 
9514.000244 3.91202980e-07 
9524.000244 3.97936041e-07 
9534.000244 3.89721762e-07 
9544.000244 3.98763813e-07 
9554.000244 3.89781753e-07 
9564.000244 3.58748289e-07 
9574.000244 3.60696723e-07 
9584.000244 3.64890673e-07 
9594.000244 3.20989824e-07 
9604.000244 3.01781897e-07 
9614.000244 3.13510568e-07 
9624.000244 3.00907696e-07 
9634.000244 2.86483984e-07 
9644.000244 3.04197678e-07 
9654.000244 3.07277103e-07 
9664.000244 3.03169525e-07 
9674.000244 2.99746917e-07 
9684.000244 3.07674351e-07 
9694.000244 3.07000326e-07 
9704.000244 2.96677597e-07 
9714.000244 3.01072968e-07 
9724.000244 3.20752783e-07 
9734.000244 3.16700809e-07 
9744.000244 3.14839882e-07 
9754.000244 3.39477855e-07 
9764.000244 3.53126007e-07 
9774.000244 3.52949714e-07 
9784.000244 3.37921703e-07 
9794.000244 3.42383374e-07 
9804.000244 3.32397277e-07 
9814.000244 3.40843950e-07 
9824.000244 3.32240909e-07 
9834.000244 3.36550246e-07 
9844.000244 3.22593876e-07 
9854.000244 3.10185459e-07 
9864.000244 2.83504892e-07 
9874.000244 2.95852193e-07 
9884.000244 3.03464791e-07 
9894.000244 3.09799583e-07 
9904.000244 3.08917291e-07 
9914.000244 3.12235271e-07 
9924.000244 3.08433029e-07 
9934.000244 2.93599706e-07 
9944.000244 2.78282035e-07 
9954.000244 9.03845812e-07 
9964.000244 1.52203087e-06 
9974.000244 1.89449082e-06 
9984.000244 2.09902070e-06 
9994.000244 2.54967316e-06 
10004.000244 2.64566480e-06 
10014.000244 2.73964208e-06 
10024.000244 2.60634088e-06 
10034.000244 2.51530229e-06 
10044.000244 2.41360122e-06 
10054.000244 2.42064591e-06 
10064.000244 2.33296549e-06 
10074.000244 2.45963037e-06 
10084.000244 2.48285260e-06 
10094.000244 2.41457986e-06 
10104.000244 2.32850653e-06 
10114.000244 2.48583455e-06 
10124.000244 2.58395846e-06 
10134.000244 2.53384516e-06 
10144.000244 2.56560740e-06 
10154.000244 2.48288523e-06 
10164.000244 2.29420647e-06 
10174.000244 2.27810664e-06 
10184.000244 2.31178439e-06 
10194.000244 2.38694026e-06 
10204.000244 2.29154586e-06 
10214.000244 2.25100885e-06 
10224.000244 2.22863970e-06 
10234.000244 2.24317392e-06 
10244.000244 2.31828395e-06 
10254.000244 2.17450750e-06 
10264.000244 1.95282956e-06 
10274.000244 1.90071589e-06 
10284.000244 2.24183087e-06 
10294.000244 2.38443451e-06 
10304.000244 2.36468437e-06 
10314.000244 2.38493355e-06 
10324.000244 2.19747213e-06 
10334.000244 2.12892164e-06 
10344.000244 2.01584699e-06 
10354.000244 2.04735693e-06 
10364.000244 2.12132036e-06 
10374.000244 2.13321952e-06 
10384.000244 2.14929488e-06 
10394.000244 2.14382549e-06 
10404.000244 2.05587464e-06 
10414.000244 2.02327297e-06 
10424.000244 2.01579847e-06 
10434.000244 1.96945611e-06 
10444.000244 1.94364158e-06 
10454.000244 1.85383115e-06 
10464.000244 2.01960859e-06 
10474.000244 2.09305280e-06 
10484.000244 2.13676806e-06 
10494.000244 2.00181964e-06 
10504.000244 2.10068033e-06 
10514.000244 2.06979214e-06 
10524.000244 2.03181320e-06 
10534.000244 1.98076013e-06 
10544.000244 1.99984151e-06 
10554.000244 1.85808853e-06 
10564.000244 1.84466444e-06 
10574.000244 1.70495032e-06 
10584.000244 1.87590869e-06 
10594.000244 1.96746948e-06 
10604.000244 1.87819595e-06 
10614.000244 1.81558224e-06 
10624.000244 1.93336989e-06 
10634.000244 1.90966083e-06 
10644.000244 1.76999582e-06 
10654.000244 1.85037820e-06 
10664.000244 1.68411784e-06 
10674.000244 1.77505696e-06 
10684.000244 1.93503123e-06 
10694.000244 1.91471585e-06 
10704.000244 1.82290169e-06 
10714.000244 1.86658970e-06 
10724.000244 1.87794504e-06 
10734.000244 1.93838248e-06 
10744.000244 1.77476210e-06 
10754.000244 1.82106498e-06 
10764.000244 1.86400499e-06 
10774.000244 1.88457559e-06 
10784.000244 1.93011539e-06 
10794.000244 1.73828895e-06 
10804.000244 1.69226929e-06 
10814.000244 1.80721603e-06 
10824.000244 1.80435756e-06 
10834.000244 1.87284941e-06 
10844.000244 1.93108400e-06 
10854.000244 1.88982926e-06 
10864.000244 1.82318968e-06 
10874.000244 1.78550648e-06 
10884.000244 1.92881102e-06 
10894.000244 1.81341220e-06 
10904.000244 1.80537181e-06 
10914.000244 1.75009600e-06 
10924.000244 1.85600521e-06 
10934.000244 1.86518498e-06 
10944.000244 1.97420472e-06 
10954.000244 1.84397186e-06 
10964.000244 1.72098245e-06 
10974.000244 1.63959363e-06 
10984.000244 1.71489529e-06 
10994.000244 1.88745353e-06 
11004.000244 1.82152466e-06 
11014.000244 1.74517829e-06 
11024.000244 1.88054161e-06 
11034.000244 1.86056667e-06 
11044.000244 1.77824626e-06 
11054.000244 1.75730756e-06 
11064.000244 1.79008294e-06 
11074.000244 1.78297068e-06 
11084.000244 1.73697472e-06 
11094.000244 1.87432294e-06 
11104.000244 1.90422402e-06 
11114.000244 1.82404316e-06 
11124.000244 1.64443029e-06 
11134.000244 1.70249287e-06 
11144.000244 1.75074047e-06 
11154.000244 1.95187013e-06 
11164.000244 1.79960439e-06 
11174.000244 1.66515208e-06 
11184.000244 1.77100058e-06 
11194.000244 1.67850524e-06 
11204.000244 1.58089412e-06 
11214.000244 1.59484822e-06 
11224.000244 1.67743379e-06 
11234.000244 1.69270744e-06 
11244.000244 1.65677497e-06 
11254.000244 1.71054055e-06 
11264.000244 1.74935549e-06 
11274.000244 1.72554943e-06 
11284.000244 1.72142360e-06 
11294.000244 1.73409074e-06 
11304.000244 1.71108181e-06 
11314.000244 1.74975306e-06 
11324.000244 1.78260906e-06 
11334.000244 1.74566634e-06 
11344.000244 1.66793941e-06 
11354.000244 1.70349172e-06 
11364.000244 1.62159850e-06 
11374.000244 1.77381657e-06 
11384.000244 1.74899565e-06 
11394.000244 1.60514614e-06 
11404.000244 1.58670966e-06 
11414.000244 1.60448448e-06 
11424.000244 1.69197334e-06 
11434.000244 1.81189403e-06 
11444.000244 1.73121243e-06 
11454.000244 1.69691733e-06 
11464.000244 1.75373455e-06 
11474.000244 1.82968693e-06 
11484.000244 1.83625362e-06 
11494.000244 1.89731050e-06 
11504.000244 1.78370050e-06 
11514.000244 1.61835959e-06 
11524.000244 1.54414901e-06 
11534.000244 1.65037831e-06 
11544.000244 1.66951082e-06 
11554.000244 1.66638022e-06 
11564.000244 1.77087999e-06 
11574.000244 1.80821667e-06 
11584.000244 1.88708058e-06 
11594.000244 1.79193281e-06 
11604.000244 1.77330004e-06 
11614.000244 1.91861534e-06 
11624.000244 1.76312163e-06 
11634.000244 1.66834217e-06 
11644.000244 1.82082973e-06 
11654.000244 1.78229642e-06 
11664.000244 1.82552529e-06 
11674.000244 1.82671981e-06 
11684.000244 1.94754381e-06 
11694.000244 1.81303245e-06 
11704.000244 1.72292949e-06 
11714.000244 1.74153164e-06 
11724.000244 1.64933127e-06 
11734.000244 1.73735389e-06 
11744.000244 1.73764863e-06 
11754.000244 1.71572033e-06 
11764.000244 1.69600428e-06 
11774.000244 1.74082148e-06 
11784.000244 1.72668018e-06 
11794.000244 1.79704900e-06 
11804.000244 1.80689806e-06 
11814.000244 1.79344016e-06 
11824.000244 1.75848236e-06 
11834.000244 1.72207496e-06 
11844.000244 1.80037760e-06 
11854.000244 1.75986447e-06 
11864.000244 1.65933998e-06 
11874.000244 1.80915010e-06 
11884.000244 1.83930418e-06 
11894.000244 1.78498507e-06 
11904.000244 1.66559489e-06 
11914.000244 1.73167905e-06 
11924.000244 2.01908691e-06 
11934.000244 1.98137017e-06 
11944.000244 1.81503657e-06 
11954.000244 1.80690186e-06 
11964.000244 1.77752114e-06 
11974.000244 1.84850819e-06 
11984.000244 1.88598723e-06 
11994.000244 1.86908265e-06 
12004.000244 1.79773920e-06 
12014.000244 1.73846006e-06 
12024.000244 1.79135964e-06 
12034.000244 1.90099417e-06 
12044.000244 1.80564053e-06 
12054.000244 1.55840303e-06 
12064.000244 1.72824995e-06 
12074.000244 1.81472306e-06 
12084.000244 1.85576242e-06 
12094.000244 1.79886033e-06 
12104.000244 1.68880799e-06 
12114.000244 1.68599720e-06 
12124.000244 1.61235949e-06 
12134.000244 1.63026020e-06 
12144.000244 1.73648394e-06 
12154.000244 1.61136600e-06 
12164.000244 1.52700914e-06 
12174.000244 1.69493499e-06 
12184.000244 1.82970927e-06 
12194.000244 1.75322370e-06 
12204.000244 1.80270599e-06 
12214.000244 1.82558689e-06 
12224.000244 1.84998518e-06 
12234.000244 1.74505730e-06 
12244.000244 1.80760227e-06 
12254.000244 1.94355466e-06 
12264.000244 1.97909923e-06 
12274.000244 1.90627477e-06 
12284.000244 1.92831238e-06 
12294.000244 1.91778142e-06 
12304.000244 1.82555725e-06 
12314.000244 1.80493881e-06 
12324.000244 1.73392149e-06 
12334.000244 1.73562951e-06 
12344.000244 1.87739052e-06 
12354.000244 1.95168597e-06 
12364.000244 1.94030394e-06 
12374.000244 1.83893762e-06 
12384.000244 1.83190442e-06 
12394.000244 1.84692420e-06 
12404.000244 1.89916591e-06 
12414.000244 1.85339479e-06 
12424.000244 1.85996353e-06 
12434.000244 1.85461071e-06 
12444.000244 1.84881112e-06 
12454.000244 1.88037909e-06 
12464.000244 1.86620100e-06 
12474.000244 2.03768012e-06 
12484.000244 2.08379697e-06 
12494.000244 2.04094172e-06 
12504.000244 1.88036964e-06 
12514.000244 1.90105929e-06 
12524.000244 2.00912026e-06 
12534.000244 1.89837685e-06 
12544.000244 1.95590625e-06 
12554.000244 1.91675735e-06 
12564.000244 1.89686333e-06 
12574.000244 1.86970329e-06 
12584.000244 1.85510367e-06 
12594.000244 1.92905477e-06 
12604.000244 1.85406175e-06 
12614.000244 1.82291108e-06 
12624.000244 1.95312103e-06 
12634.000244 2.15091876e-06 
12644.000244 2.16213141e-06 
12654.000244 1.94592387e-06 
12664.000244 1.86283613e-06 
12674.000244 1.88690643e-06 
12684.000244 1.90699487e-06 
12694.000244 1.87072943e-06 
12704.000244 1.92773400e-06 
12714.000244 1.93941400e-06 
12724.000244 1.93645264e-06 
12734.000244 2.01617685e-06 
12744.000244 1.99198667e-06 
12754.000244 1.75912518e-06 
12764.000244 1.92221169e-06 
12774.000244 2.04102080e-06 
12784.000244 1.92894571e-06 
12794.000244 1.81586323e-06 
12804.000244 1.85700519e-06 
12814.000244 1.93620139e-06 
12824.000244 1.95283615e-06 
12834.000244 1.96298120e-06 
12844.000244 1.88436259e-06 
12854.000244 1.83175100e-06 
12864.000244 1.83981780e-06 
12874.000244 1.89346592e-06 
12884.000244 2.04589245e-06 
12894.000244 2.08071423e-06 
12904.000244 1.98076820e-06 
12914.000244 2.01077846e-06 
12924.000244 2.04473298e-06 
12934.000244 2.06692951e-06 
12944.000244 2.09594738e-06 
12954.000244 1.97992511e-06 
12964.000244 1.96334958e-06 
12974.000244 2.05118204e-06 
12984.000244 2.09445517e-06 
12994.000244 1.98245457e-06 
13004.000244 1.98535470e-06 
13014.000244 2.06684343e-06 
13024.000244 2.01036457e-06 
13034.000244 2.12535579e-06 
13044.000244 2.02769902e-06 
13054.000244 2.04394631e-06 
13064.000244 2.05071160e-06 
13074.000244 2.05457258e-06 
13084.000244 1.98643160e-06 
13094.000244 2.05642765e-06 
13104.000244 2.13880391e-06 
13114.000244 2.22843334e-06 
13124.000244 2.10412872e-06 
13134.000244 2.21201714e-06 
13144.000244 2.13774190e-06 
13154.000244 2.03164112e-06 
13164.000244 2.05330205e-06 
13174.000244 2.11200315e-06 
13184.000244 2.16046377e-06 
13194.000244 2.07697095e-06 
13204.000244 2.02047130e-06 
13214.000244 2.11229010e-06 
13224.000244 2.03335261e-06 
13234.000244 2.05679517e-06 
13244.000244 1.85057624e-06 
13254.000244 1.94903830e-06 
13264.000244 2.02905386e-06 
13274.000244 2.02535053e-06 
13284.000244 2.00621970e-06 
13294.000244 2.12564315e-06 
13304.000244 2.19505803e-06 
13314.000244 2.21461108e-06 
13324.000244 1.97144633e-06 
13334.000244 1.98854224e-06 
13344.000244 2.00948829e-06 
13354.000244 2.01829233e-06 
13364.000244 2.13349165e-06 
13374.000244 2.11241924e-06 
13384.000244 2.07120028e-06 
13394.000244 2.12359005e-06 
13404.000244 2.14630227e-06 
13414.000244 2.13676528e-06 
13424.000244 2.25268185e-06 
13434.000244 2.44495399e-06 
13444.000244 2.33945436e-06 
13454.000244 2.17111353e-06 
13464.000244 2.25026226e-06 
13474.000244 2.33584274e-06 
13484.000244 2.44927688e-06 
13494.000244 2.60310323e-06 
13504.000244 2.43625028e-06 
13514.000244 2.26856969e-06 
13524.000244 2.37789481e-06 
13534.000244 2.63614399e-06 
13544.000244 2.35326515e-06 
13554.000244 2.31664968e-06 
13564.000244 2.48659970e-06 
13574.000244 2.37390799e-06 
13584.000244 2.42772639e-06 
13594.000244 2.81665718e-06 
13604.000244 2.91878799e-06 
13614.000244 2.56101995e-06 
13624.000244 2.54082005e-06 
13634.000244 2.48545304e-06 
13644.000244 2.40716716e-06 
13654.000244 2.47798249e-06 
13664.000244 2.60414288e-06 
13674.000244 2.38202842e-06 
13684.000244 2.37223710e-06 
13694.000244 2.50527924e-06 
13704.000244 2.66099832e-06 
13714.000244 2.62483056e-06 
13724.000244 2.58245536e-06 
13734.000244 2.72768643e-06 
13744.000244 2.65618848e-06 
13754.000244 2.71736183e-06 
13764.000244 2.72740604e-06 
13774.000244 2.85138601e-06 
13784.000244 2.68606580e-06 
13794.000244 2.79903609e-06 
13804.000244 2.69830336e-06 
13814.000244 2.68949464e-06 
13824.000244 2.78516664e-06 
13834.000244 2.73387255e-06 
13844.000244 2.73394922e-06 
13854.000244 2.73014408e-06 
13864.000244 2.73309218e-06 
13874.000244 2.50862451e-06 
13884.000244 2.53890553e-06 
13894.000244 2.48547675e-06 
13904.000244 2.44157667e-06 
13914.000244 2.39622332e-06 
13924.000244 2.52826642e-06 
13934.000244 2.53031391e-06 
13944.000244 2.50616229e-06 
13954.000244 2.34216699e-06 
13964.000244 2.38841579e-06 
13974.000244 2.50754462e-06 
13984.000244 2.45741179e-06 
13994.000244 2.42854936e-06 
14004.000244 2.45214113e-06 
14014.000244 2.65596699e-06 
14024.000244 2.69476878e-06 
14034.000244 2.70144660e-06 
14044.000244 2.65522473e-06 
14054.000244 2.37100706e-06 
14064.000244 2.22730123e-06 
14074.000244 2.35977071e-06 
14084.000244 2.37545553e-06 
14094.000244 2.48119583e-06 
14104.000244 2.39905192e-06 
14114.000244 2.14465490e-06 
14124.000244 2.21693321e-06 
14134.000244 2.42138427e-06 
14144.000244 2.42152890e-06 
14154.000244 2.52967398e-06 
14164.000244 2.43893252e-06 
14174.000244 2.56739166e-06 
14184.000244 2.58475585e-06 
14194.000244 2.58172183e-06 
14204.000244 2.39213144e-06 
14214.000244 2.24506620e-06 
14224.000244 2.27639157e-06 
14234.000244 2.45460323e-06 
14244.000244 2.56005426e-06 
14254.000244 2.40192221e-06 
14264.000244 2.20802690e-06 
14274.000244 2.33080277e-06 
14284.000244 2.36945731e-06 
14294.000244 2.45213168e-06 
14304.000244 2.40916551e-06 
14314.000244 2.43256842e-06 
14324.000244 2.48972938e-06 
14334.000244 2.61646182e-06 
14344.000244 2.54645536e-06 
14354.000244 2.35153594e-06 
14364.000244 2.33437741e-06 
14374.000244 2.66056977e-06 
14384.000244 2.58534358e-06 
14394.000244 2.34044267e-06 
14404.000244 2.39052147e-06 
14414.000244 2.39937595e-06 
14424.000244 2.40640601e-06 
14434.000244 2.46977088e-06 
14444.000244 2.39493240e-06 
14454.000244 2.46563640e-06 
14464.000244 2.40144941e-06 
14474.000244 2.22968627e-06 
14484.000244 2.34759330e-06 
14494.000244 2.38474739e-06 
14504.000244 2.42016830e-06 
14514.000244 2.48446209e-06 
14524.000244 2.55303999e-06 
14534.000244 2.52299187e-06 
14544.000244 2.50676472e-06 
14554.000244 2.45289581e-06 
14564.000244 2.33911491e-06 
14574.000244 2.31747945e-06 
14584.000244 2.52056504e-06 
14594.000244 2.60437610e-06 
14604.000244 2.59602281e-06 
14614.000244 2.50431409e-06 
14624.000244 2.25068139e-06 
14634.000244 2.26631986e-06 
14644.000244 2.30265397e-06 
14654.000244 2.47327115e-06 
14664.000244 2.58695992e-06 
14674.000244 2.73866871e-06 
14684.000244 2.73883562e-06 
14694.000244 2.92182686e-06 
14704.000244 2.85352820e-06 
14714.000244 2.86976188e-06 
14724.000244 2.93318140e-06 
14734.000244 2.87201103e-06 
14744.000244 2.74484964e-06 
14754.000244 2.74307907e-06 
14764.000244 2.76364365e-06 
14774.000244 2.61688681e-06 
14784.000244 2.66596745e-06 
14794.000244 2.59921959e-06 
14804.000244 2.63988090e-06 
14814.000244 2.42572608e-06 
14824.000244 2.40443914e-06 
14834.000244 2.44300919e-06 
14844.000244 2.59568846e-06 
14854.000244 2.80563207e-06 
14864.000244 2.86472833e-06 
14874.000244 2.64985662e-06 
14884.000244 2.86682139e-06 
14894.000244 2.95033520e-06 
14904.000244 2.79353896e-06 
14914.000244 2.54650420e-06 
14924.000244 2.68145746e-06 
14934.000244 2.88348897e-06 
14944.000244 2.86598526e-06 
14954.000244 2.94607149e-06 
14964.000244 2.93128927e-06 
14974.000244 2.95512874e-06 
14984.000244 3.01845283e-06 
14994.000244 2.96294845e-06 
15004.000244 3.08147821e-06 
15014.000244 2.95906656e-06 
15024.000244 2.88829129e-06 
15034.000244 2.75615626e-06 
15044.000244 2.68134404e-06 
15054.000244 2.85011595e-06 
15064.000244 2.97799723e-06 
15074.000244 2.87709985e-06 
15084.000244 2.96287781e-06 
15094.000244 2.90832852e-06 
15104.000244 2.76490505e-06 
15114.000244 2.84083339e-06 
15124.000244 2.93303691e-06 
15134.000244 3.06838293e-06 
15144.000244 3.25740103e-06 
15154.000244 3.20116122e-06 
15164.000244 3.35231566e-06 
15174.000244 3.15633393e-06 
15184.000244 3.04255215e-06 
15194.000244 3.00965965e-06 
15204.000244 2.86848418e-06 
15214.000244 2.97792557e-06 
15224.000244 3.01711458e-06 
15234.000244 3.34337180e-06 
15244.000244 3.49582144e-06 
15254.000244 3.36972227e-06 
15264.000244 3.10915978e-06 
15274.000244 3.22925882e-06 
15284.000244 3.30074358e-06 
15294.000244 3.23872307e-06 
15304.000244 3.18542801e-06 
15314.000244 3.28670095e-06 
15324.000244 3.08418401e-06 
15334.000244 3.15450570e-06 
15344.000244 3.20524316e-06 
15354.000244 3.07668335e-06 
15364.000244 2.95760748e-06 
15374.000244 3.12890722e-06 
15384.000244 3.09378459e-06 
15394.000244 3.22966156e-06 
15404.000244 3.05993562e-06 
15414.000244 3.02055759e-06 
15424.000244 3.14278839e-06 
15434.000244 3.25664916e-06 
15444.000244 3.21077567e-06 
15454.000244 2.88180947e-06 
15464.000244 2.93758238e-06 
15474.000244 3.29293718e-06 
15484.000244 3.35501419e-06 
15494.000244 3.22018894e-06 
15504.000244 3.28148869e-06 
15514.000244 3.14150740e-06 
15524.000244 3.36402595e-06 
15534.000244 3.51208924e-06 
15544.000244 3.50077780e-06 
15554.000244 3.61655708e-06 
15564.000244 3.69654899e-06 
15574.000244 3.62910791e-06 
15584.000244 3.47015134e-06 
15594.000244 3.44252572e-06 
15604.000244 3.37696113e-06 
15614.000244 3.43991424e-06 
15624.000244 3.51515528e-06 
15634.000244 3.39806549e-06 
15644.000244 3.39808534e-06 
15654.000244 3.67982388e-06 
15664.000244 3.46635580e-06 
15674.000244 3.43470220e-06 
15684.000244 3.64612461e-06 
15694.000244 3.80798671e-06 
15704.000244 3.74986551e-06 
15714.000244 3.56085138e-06 
15724.000244 3.50766432e-06 
15734.000244 3.60030639e-06 
15744.000244 3.48124131e-06 
15754.000244 3.58743414e-06 
15764.000244 3.78808270e-06 
15774.000244 3.72326814e-06 
15784.000244 3.58573926e-06 
15794.000244 3.37581229e-06 
15804.000244 3.71765708e-06 
15814.000244 3.82113407e-06 
15824.000244 3.57833455e-06 
15834.000244 3.63865901e-06 
15844.000244 3.69223257e-06 
15854.000244 3.77056749e-06 
15864.000244 3.81590899e-06 
15874.000244 3.69552966e-06 
15884.000244 3.82611852e-06 
15894.000244 3.77915672e-06 
15904.000244 3.51891038e-06 
15914.000244 3.93700245e-06 
15924.000244 3.95434852e-06 
15934.000244 3.63917359e-06 
15944.000244 3.82862151e-06 
15954.000244 3.88219876e-06 
15964.000244 3.59189783e-06 
15974.000244 3.32541955e-06 
15984.000244 3.36241988e-06 
15994.000244 3.54634188e-06 
16004.000244 3.95772986e-06 
16014.000244 4.13433293e-06 
16024.000244 4.02110785e-06 
16034.000244 4.13845444e-06 
16044.000244 4.08900847e-06 
16054.000244 4.07597246e-06 
16064.000244 3.73879208e-06 
16074.000244 3.87587521e-06 
16084.000244 4.14345871e-06 
16094.000244 4.12350861e-06 
16104.000244 3.84149758e-06 
16114.000244 3.87567487e-06 
16124.000244 3.98857151e-06 
16134.000244 4.08629887e-06 
16144.000244 3.92275493e-06 
16154.000244 4.15233301e-06 
16164.000244 4.12980523e-06 
16174.000244 4.33933484e-06 
16184.000244 4.55219076e-06 
16194.000244 4.53310257e-06 
16204.000244 4.48150786e-06 
16214.000244 4.14296352e-06 
16224.000244 4.15769644e-06 
16234.000244 4.22319431e-06 
16244.000244 4.39997503e-06 
16254.000244 4.57860333e-06 
16264.000244 4.76612444e-06 
16274.000244 4.66166863e-06 
16284.000244 4.34761555e-06 
16294.000244 4.29025317e-06 
16304.000244 4.37858655e-06 
16314.000244 4.65282111e-06 
16324.000244 4.68563657e-06 
16334.000244 4.59668186e-06 
16344.000244 4.77860154e-06 
16354.000244 4.77168160e-06 
16364.000244 4.82997310e-06 
16374.000244 4.99319473e-06 
16384.000244 5.20775359e-06 
16394.000244 5.35639506e-06 
16404.000244 5.66167122e-06 
16414.000244 5.92864818e-06 
16424.000244 6.03023351e-06 
16434.000244 6.16171726e-06 
16444.000244 6.18394021e-06 
16454.000244 6.23138772e-06 
16464.000244 6.59853266e-06 
16474.000244 7.03542818e-06 
16484.000244 7.21174710e-06 
16494.000244 7.28146362e-06 
16504.000244 7.73844099e-06 
16514.000244 7.77652968e-06 
16524.000244 7.71061919e-06 
16534.000244 7.77116410e-06 
16544.000244 8.30697891e-06 
16554.000244 8.94979460e-06 
16564.000244 9.09619063e-06 
16574.000244 9.57825775e-06 
16584.000244 1.01388516e-05 
16594.000244 1.08959583e-05 
16604.000244 1.12511288e-05 
16614.000244 1.18063855e-05 
16624.000244 1.27384527e-05 
16634.000244 1.36746263e-05 
16644.000244 1.48137996e-05 
16654.000244 1.57868411e-05 
16664.000244 1.67255671e-05 
16674.000244 1.75171048e-05 
16684.000244 1.86429733e-05 
16694.000244 2.01842507e-05 
16704.000244 2.18808541e-05 
16714.000244 2.36012990e-05 
16724.000244 2.58407341e-05 
16734.000244 2.74500483e-05 
16744.000244 2.95352342e-05 
16754.000244 3.21874299e-05 
16764.000244 3.48658393e-05 
16774.000244 3.73614594e-05 
16784.000244 4.01111996e-05 
16794.000244 4.32915362e-05 
16804.000244 4.63736248e-05 
16814.000244 4.99740973e-05 
16824.000244 5.42004006e-05 
16834.000244 5.85952583e-05 
16844.000244 6.27448685e-05 
16854.000244 6.78971989e-05 
16864.000244 7.37699236e-05 
16874.000244 7.97550557e-05 
16884.000244 8.59971909e-05 
16894.000244 9.34027556e-05 
16904.000244 1.01581495e-04 
16914.000244 1.10711624e-04 
16924.000244 1.21338476e-04 
16934.000244 1.33108558e-04 
16944.000244 1.46915029e-04 
16954.000244 1.61773479e-04 
16964.000244 1.79087197e-04 
16974.000244 1.99672710e-04 
16984.000244 2.21962232e-04 
16994.000244 2.48247713e-04 
17004.000244 2.78800502e-04 
17014.000244 3.12525657e-04 
17024.000244 3.52011152e-04 
17034.000244 3.97672932e-04 
17044.000244 4.49701024e-04 
17054.000244 5.08371521e-04 
17064.000244 5.75274405e-04 
17074.000244 6.52212709e-04 
17084.000244 7.38238062e-04 
17094.000244 8.36283871e-04 
17104.000244 9.49426782e-04 
17114.000244 1.07431732e-03 
17124.000244 1.21431517e-03 
17134.000244 1.37558431e-03 
17144.000244 1.55617425e-03 
17154.000244 1.76130088e-03 
17164.000244 2.00268504e-03 
17174.000244 2.27402898e-03 
17184.000244 2.57777457e-03 
17194.000244 2.93051085e-03 
17204.000244 3.33626594e-03 
17214.000244 3.80721018e-03 
17224.000244 4.36361811e-03 
17234.000244 5.01474257e-03 
17244.000244 5.76584861e-03 
17254.000244 6.64921952e-03 
17264.000244 7.71038540e-03 
17274.000244 8.97068920e-03 
17284.000244 1.04801332e-02 
17294.000244 1.23127122e-02 
17304.000244 1.44473098e-02 
17314.000244 1.69378637e-02 
17324.000244 1.99279329e-02 
17334.000244 2.32693611e-02 
17344.000244 2.68251974e-02 
17354.000244 3.04009108e-02 
17364.000244 3.40824389e-02 
17374.000244 3.77626278e-02 
17384.000244 4.18711574e-02 
17394.000244 4.61864842e-02 
17404.000244 5.09488687e-02 
17414.000244 5.64929845e-02 
17424.000244 6.28198096e-02 
17434.000244 7.00535467e-02 
17444.000244 7.80893008e-02 
17454.000244 8.75973532e-02 
17464.000244 9.82998052e-02 
17474.000244 1.10993341e-01 
17484.000244 1.25787854e-01 
17494.000244 1.42366535e-01 
17504.000244 1.60647946e-01 
17514.000244 1.80603341e-01 
17524.000244 2.01132385e-01 
17534.000244 2.22300987e-01 
17544.000244 2.43615034e-01 
17554.000244 2.64362012e-01 
17564.000244 2.83602102e-01 
17574.000244 3.01631198e-01 
17584.000244 3.17842549e-01 
17594.000244 3.32398489e-01 
17604.000244 3.45563058e-01 
17614.000244 3.57811767e-01 
17624.000244 3.69167206e-01 
17634.000244 3.79783855e-01 
17644.000244 3.89882684e-01 
17654.000244 3.99742624e-01 
17664.000244 4.09392059e-01 
17674.000244 4.18040082e-01 
17684.000244 4.25800271e-01 
17694.000244 4.32713673e-01 
17704.000244 4.39098820e-01 
17714.000244 4.44548910e-01 
17724.000244 4.49454921e-01 
17734.000244 4.52711421e-01 
17744.000244 4.55148485e-01 
17754.000244 4.56816850e-01 
17764.000244 4.57896397e-01 
17774.000244 4.58916754e-01 
17784.000244 4.59026362e-01 
17794.000244 4.59504701e-01 
17804.000244 4.59727517e-01 
17814.000244 4.59668361e-01 
17824.000244 4.59628783e-01 
17834.000244 4.59992139e-01 
17844.000244 4.60286185e-01 
17854.000244 4.60835435e-01 
17864.000244 4.61058915e-01 
17874.000244 4.61322596e-01 
17884.000244 4.62141987e-01 
17894.000244 4.62520234e-01 
17904.000244 4.62911489e-01 
17914.000244 4.62996132e-01 
17924.000244 4.62839139e-01 
17934.000244 4.62003387e-01 
17944.000244 4.61235053e-01 
17954.000244 4.60199296e-01 
17964.000244 4.59289364e-01 
17974.000244 4.58305382e-01 
17984.000244 4.56979387e-01 
17994.000244 4.55540303e-01 
18004.000244 4.53833774e-01 
18014.000244 4.52595553e-01 
18024.000244 4.51206891e-01 
18034.000244 4.49952903e-01 
18044.000244 4.48486964e-01 
18054.000244 4.47547484e-01 
18064.000244 4.47029442e-01 
18074.000244 4.47245193e-01 
18084.000244 4.46865718e-01 
18094.000244 4.46317964e-01 
18104.000244 4.46100164e-01 
18114.000244 4.46060468e-01 
18124.000244 4.47080819e-01 
18134.000244 4.47800835e-01 
18144.000244 4.48631473e-01 
18154.000244 4.49233089e-01 
18164.000244 4.50571208e-01 
18174.000244 4.51520164e-01 
18184.000244 4.52661681e-01 
18194.000244 4.53645574e-01 
18204.000244 4.54333418e-01 
18214.000244 4.55684170e-01 
18224.000244 4.57455888e-01 
18234.000244 4.58107947e-01 
18244.000244 4.58973623e-01 
18254.000244 4.59985560e-01 
18264.000244 4.60987247e-01 
18274.000244 4.61962507e-01 
18284.000244 4.62479312e-01 
18294.000244 4.63058641e-01 
18304.000244 4.64058219e-01 
18314.000244 4.64760039e-01 
18324.000244 4.65389372e-01 
18334.000244 4.65936833e-01 
18344.000244 4.66154088e-01 
18354.000244 4.66051571e-01 
18364.000244 4.66655140e-01 
18374.000244 4.66999120e-01 
18384.000244 4.67108456e-01 
18394.000244 4.67039161e-01 
18404.000244 4.67427502e-01 
18414.000244 4.67031583e-01 
18424.000244 4.66907556e-01 
18434.000244 4.66901763e-01 
18444.000244 4.66380525e-01 
18454.000244 4.66092863e-01 
18464.000244 4.65414614e-01 
18474.000244 4.64610816e-01 
18484.000244 4.64139866e-01 
18494.000244 4.63817257e-01 
18504.000244 4.63337219e-01 
18514.000244 4.62442664e-01 
18524.000244 4.61901951e-01 
18534.000244 4.61323513e-01 
18544.000244 4.60724489e-01 
18554.000244 4.60308554e-01 
18564.000244 4.59762055e-01 
18574.000244 4.59805043e-01 
18584.000244 4.59426452e-01 
18594.000244 4.58629661e-01 
18604.000244 4.58249591e-01 
18614.000244 4.57589735e-01 
18624.000244 4.56938121e-01 
18634.000244 4.56682520e-01 
18644.000244 4.56622945e-01 
18654.000244 4.56451265e-01 
18664.000244 4.56440449e-01 
18674.000244 4.56380642e-01 
18684.000244 4.56807434e-01 
18694.000244 4.57151904e-01 
18704.000244 4.57734208e-01 
18714.000244 4.58549310e-01 
18724.000244 4.59083721e-01 
18734.000244 4.60228299e-01 
18744.000244 4.61304315e-01 
18754.000244 4.61852885e-01 
18764.000244 4.62284499e-01 
18774.000244 4.62401454e-01 
18784.000244 4.62976259e-01 
18794.000244 4.63452746e-01 
18804.000244 4.64124298e-01 
18814.000244 4.64951056e-01 
18824.000244 4.65576520e-01 
18834.000244 4.66641095e-01 
18844.000244 4.67333445e-01 
18854.000244 4.67635353e-01 
18864.000244 4.68273255e-01 
18874.000244 4.68932329e-01 
18884.000244 4.69412503e-01 
18894.000244 4.69705498e-01 
18904.000244 4.69758948e-01 
18914.000244 4.69920030e-01 
18924.000244 4.70257898e-01 
18934.000244 4.70498812e-01 
18944.000244 4.70978675e-01 
18954.000244 4.71576896e-01 
18964.000244 4.71849222e-01 
18974.000244 4.72036569e-01 
18984.000244 4.71893919e-01 
18994.000244 4.72329990e-01 
19004.000244 4.72359542e-01 
19014.000244 4.72456804e-01 
19024.000244 4.72780348e-01 
19034.000244 4.73679070e-01 
19044.000244 4.73722395e-01 
19054.000244 4.73999347e-01 
19064.000244 4.74497680e-01 
19074.000244 4.75515096e-01 
19084.000244 4.76128858e-01 
19094.000244 4.75909414e-01 
19104.000244 4.75844273e-01 
19114.000244 4.76351922e-01 
19124.000244 4.77293354e-01 
19134.000244 4.77405398e-01 
19144.000244 4.77459293e-01 
19154.000244 4.77260692e-01 
19164.000244 4.76870811e-01 
19174.000244 4.77134682e-01 
19184.000244 4.76910656e-01 
19194.000244 4.77002045e-01 
19204.000244 4.76442326e-01 
19214.000244 4.76118095e-01 
19224.000244 4.76005059e-01 
19234.000244 4.75616305e-01 
19244.000244 4.75423206e-01 
19254.000244 4.74543576e-01 
19264.000244 4.74243184e-01 
19274.000244 4.74443473e-01 
19284.000244 4.74489941e-01 
19294.000244 4.73989733e-01 
19304.000244 4.73642969e-01 
19314.000244 4.72919060e-01 
19324.000244 4.72669922e-01 
19334.000244 4.72215116e-01 
19344.000244 4.71675547e-01 
19354.000244 4.71158398e-01 
19364.000244 4.70869654e-01 
19374.000244 4.70231795e-01 
19384.000244 4.69952754e-01 
19394.000244 4.69721166e-01 
19404.000244 4.69984430e-01 
19414.000244 4.70291669e-01 
19424.000244 4.70562212e-01 
19434.000244 4.70956089e-01 
19444.000244 4.71268655e-01 
19454.000244 4.72010519e-01 
19464.000244 4.72527308e-01 
19474.000244 4.73024854e-01 
19484.000244 4.73415724e-01 
19494.000244 4.73332394e-01 
19504.000244 4.73600130e-01 
19514.000244 4.73885426e-01 
19524.000244 4.74220787e-01 
19534.000244 4.74420837e-01 
19544.000244 4.74478285e-01 
19554.000244 4.74671687e-01 
19564.000244 4.74698429e-01 
19574.000244 4.74591829e-01 
19584.000244 4.73649667e-01 
19594.000244 4.71717074e-01 
19604.000244 4.71045783e-01 
19614.000244 4.72069382e-01 
19624.000244 4.74331828e-01 
19634.000244 4.75395515e-01 
19644.000244 4.76160497e-01 
19654.000244 4.76249212e-01 
19664.000244 4.76104921e-01 
19674.000244 4.75886269e-01 
19684.000244 4.76400783e-01 
19694.000244 4.76895877e-01 
19704.000244 4.76272652e-01 
19714.000244 4.75977038e-01 
19724.000244 4.76117214e-01 
19734.000244 4.75655360e-01 
19744.000244 4.75120482e-01 
19754.000244 4.75084808e-01 
19764.000244 4.75270398e-01 
19774.000244 4.75424179e-01 
19784.000244 4.75388961e-01 
19794.000244 4.75401115e-01 
19804.000244 4.75962767e-01 
19814.000244 4.76677983e-01 
19824.000244 4.76585184e-01 
19834.000244 4.76361732e-01 
19844.000244 4.76752390e-01 
19854.000244 4.76840786e-01 
19864.000244 4.76838353e-01 
19874.000244 4.77210851e-01 
19884.000244 4.77686204e-01 
19894.000244 4.78081634e-01 
19904.000244 4.78168652e-01 
19914.000244 4.78498042e-01 
19924.000244 4.78712071e-01 
19934.000244 4.79192867e-01 
19944.000244 4.78749573e-01 
19954.000244 4.77987066e-01 
19964.000244 4.76717429e-01 
19974.000244 4.76775891e-01 
19984.000244 4.77513486e-01 
19994.000244 4.78203741e-01 
20004.000244 4.78840097e-01 
20014.000244 4.79012521e-01 
20024.000244 4.79173695e-01 
20034.000244 4.79795303e-01 
20044.000244 4.79843885e-01 
20054.000244 4.79377437e-01 
20064.000244 4.78841437e-01 
20074.000244 4.78553939e-01 
20084.000244 4.78106368e-01 
20094.000244 4.78439792e-01 
20104.000244 4.78577218e-01 
20114.000244 4.78188464e-01 
20124.000244 4.78185585e-01 
20134.000244 4.78274391e-01 
20144.000244 4.78597158e-01 
20154.000244 4.79064791e-01 
20164.000244 4.79663568e-01 
20174.000244 4.80078138e-01 
20184.000244 4.80489736e-01 
20194.000244 4.80126688e-01 
20204.000244 4.80500917e-01 
20214.000244 4.80132254e-01 
20224.000244 4.80931768e-01 
20234.000244 4.82117992e-01 
20244.000244 4.83240766e-01 
20254.000244 4.84336498e-01 
20264.000244 4.85056977e-01 
20274.000244 4.85268879e-01 
20284.000244 4.85592511e-01 
20294.000244 4.86102427e-01 
20304.000244 4.86481100e-01 
20314.000244 4.86583492e-01 
20324.000244 4.86915002e-01 
20334.000244 4.87231050e-01 
20344.000244 4.87080864e-01 
20354.000244 4.86884188e-01 
20364.000244 4.86802074e-01 
20374.000244 4.87160040e-01 
20384.000244 4.87372820e-01 
20394.000244 4.87813339e-01 
20404.000244 4.87619171e-01 
20414.000244 4.86580897e-01 
20424.000244 4.86087225e-01 
20434.000244 4.84937832e-01 
20444.000244 4.83909408e-01 
20454.000244 4.83125219e-01 
20464.000244 4.82476482e-01 
20474.000244 4.81955920e-01 
20483.999023 4.81110771e-01 
20493.999023 4.80628896e-01 
20503.999023 4.80296249e-01 
20513.999023 4.80245542e-01 
20523.999023 4.80247005e-01 
20533.999023 4.79866849e-01 
20543.999023 4.79653211e-01 
20553.999023 4.79678633e-01 
20563.999023 4.79492703e-01 
20573.999023 4.79153498e-01 
20583.999023 4.79031178e-01 
20593.999023 4.79180020e-01 
20603.999023 4.79981952e-01 
20613.999023 4.80879513e-01 
20623.999023 4.81248258e-01 
20633.999023 4.81825597e-01 
20643.999023 4.82666673e-01 
20653.999023 4.83141265e-01 
20663.999023 4.83828836e-01 
20673.999023 4.84753478e-01 
20683.999023 4.85858357e-01 
20693.999023 4.86415933e-01 
20703.999023 4.87272017e-01 
20713.999023 4.88639634e-01 
20723.999023 4.89549068e-01 
20733.999023 4.90371680e-01 
20743.999023 4.91138551e-01 
20753.999023 4.91742588e-01 
20763.999023 4.91905877e-01 
20773.999023 4.91957244e-01 
20783.999023 4.91784261e-01 
20793.999023 4.92228059e-01 
20803.999023 4.92678915e-01 
20813.999023 4.92766432e-01 
20823.999023 4.92924675e-01 
20833.999023 4.93064580e-01 
20843.999023 4.93607337e-01 
20853.999023 4.93539552e-01 
20863.999023 4.93129964e-01 
20873.999023 4.92336360e-01 
20883.999023 4.91909114e-01 
20893.999023 4.91240853e-01 
20903.999023 4.91082401e-01 
20913.999023 4.90160627e-01 
20923.999023 4.89126762e-01 
20933.999023 4.89119684e-01 
20943.999023 4.89588362e-01 
20953.999023 4.89575392e-01 
20963.999023 4.89214560e-01 
20973.999023 4.88236689e-01 
20983.999023 4.87547028e-01 
20993.999023 4.87145538e-01 
21003.999023 4.86719903e-01 
21013.999023 4.86525007e-01 
21023.999023 4.85689074e-01 
21033.999023 4.85343750e-01 
21043.999023 4.85645181e-01 
21053.999023 4.85744471e-01 
21063.999023 4.84945459e-01 
21073.999023 4.84239687e-01 
21083.999023 4.84335708e-01 
21093.999023 4.83614725e-01 
21103.999023 4.83342244e-01 
21113.999023 4.82668024e-01 
21123.999023 4.82929877e-01 
21133.999023 4.82270790e-01 
21143.999023 4.81947107e-01 
21153.999023 4.81254870e-01 
21163.999023 4.81328884e-01 
21173.999023 4.81698499e-01 
21183.999023 4.81786281e-01 
21193.999023 4.81414363e-01 
21203.999023 4.80917062e-01 
21213.999023 4.81181875e-01 
21223.999023 4.81317114e-01 
21233.999023 4.81107172e-01 
21243.999023 4.80866951e-01 
21253.999023 4.80588173e-01 
21263.999023 4.80826785e-01 
21273.999023 4.81066194e-01 
21283.999023 4.80375336e-01 
21293.999023 4.80451718e-01 
21303.999023 4.80516534e-01 
21313.999023 4.80666442e-01 
21323.999023 4.81000235e-01 
21333.999023 4.81288052e-01 
21343.999023 4.81721634e-01 
21353.999023 4.81834961e-01 
21363.999023 4.81561785e-01 
21373.999023 4.82112524e-01 
21383.999023 4.82339165e-01 
21393.999023 4.83318827e-01 
21403.999023 4.84180090e-01 
21413.999023 4.84375954e-01 
21423.999023 4.84705468e-01 
21433.999023 4.85034534e-01 
21443.999023 4.85908251e-01 
21453.999023 4.86874283e-01 
21463.999023 4.86926059e-01 
21473.999023 4.86743825e-01 
21483.999023 4.87620717e-01 
21493.999023 4.88616635e-01 
21503.999023 4.88830229e-01 
21513.999023 4.88383041e-01 
21523.999023 4.88362419e-01 
21533.999023 4.88326614e-01 
21543.999023 4.88017243e-01 
21553.999023 4.87280957e-01 
21563.999023 4.87147056e-01 
21573.999023 4.87243153e-01 
21583.999023 4.86739622e-01 
21593.999023 4.86136026e-01 
21603.999023 4.85275668e-01 
21613.999023 4.84800159e-01 
21623.999023 4.83504330e-01 
21633.999023 4.82856452e-01 
21643.999023 4.82453352e-01 
21653.999023 4.81689045e-01 
21663.999023 4.80955311e-01 
21673.999023 4.79914879e-01 
21683.999023 4.79201299e-01 
21693.999023 4.78253643e-01 
21703.999023 4.77474471e-01 
21713.999023 4.76525912e-01 
21723.999023 4.76248573e-01 
21733.999023 4.75676261e-01 
21743.999023 4.75505392e-01 
21753.999023 4.74825836e-01 
21763.999023 4.74804890e-01 
21773.999023 4.75006187e-01 
21783.999023 4.75418551e-01 
21793.999023 4.74861794e-01 
21803.999023 4.74461119e-01 
21813.999023 4.74019763e-01 
21823.999023 4.74033161e-01 
21833.999023 4.74786419e-01 
21843.999023 4.75187131e-01 
21853.999023 4.76172003e-01 
21863.999023 4.76617986e-01 
21873.999023 4.76433242e-01 
21883.999023 4.76721980e-01 
21893.999023 4.77235394e-01 
21903.999023 4.77669113e-01 
21913.999023 4.78333034e-01 
21923.999023 4.78819570e-01 
21933.999023 4.79296498e-01 
21943.999023 4.80069459e-01 
21953.999023 4.80767841e-01 
21963.999023 4.81505167e-01 
21973.999023 4.82717251e-01 
21983.999023 4.83794504e-01 
21993.999023 4.84428503e-01 
22003.999023 4.84887791e-01 
22013.999023 4.85154282e-01 
22023.999023 4.86008811e-01 
22033.999023 4.86222639e-01 
22043.999023 4.86310463e-01 
22053.999023 4.85838186e-01 
22063.999023 4.84927186e-01 
22073.999023 4.83934825e-01 
22083.999023 4.82380803e-01 
22093.999023 4.80183794e-01 
22103.999023 4.77194681e-01 
22113.999023 4.72656831e-01 
22123.999023 4.67476399e-01 
22133.999023 4.60531176e-01 
22143.999023 4.51843475e-01 
22153.999023 4.41925128e-01 
22163.999023 4.30165905e-01 
22173.999023 4.16390749e-01 
22183.999023 4.01274758e-01 
22193.999023 3.84636276e-01 
22203.999023 3.66608008e-01 
22213.999023 3.47286570e-01 
22223.999023 3.27172666e-01 
22233.999023 3.06308725e-01 
22243.999023 2.84996668e-01 
22253.999023 2.63925545e-01 
22263.999023 2.43545135e-01 
22273.999023 2.24314710e-01 
22283.999023 2.06063411e-01 
22293.999023 1.89046649e-01 
22303.999023 1.73459581e-01 
22313.999023 1.59154429e-01 
22323.999023 1.45733193e-01 
22333.999023 1.33084036e-01 
22343.999023 1.21097606e-01 
22353.999023 1.09575117e-01 
22363.999023 9.89334272e-02 
22373.999023 8.89440607e-02 
22383.999023 7.94733404e-02 
22393.999023 7.08249636e-02 
22403.999023 6.28794803e-02 
22413.999023 5.55055905e-02 
22423.999023 4.89084305e-02 
22433.999023 4.30848092e-02 
22443.999023 3.77842998e-02 
22453.999023 3.30420833e-02 
22463.999023 2.88532333e-02 
22473.999023 2.51426306e-02 
22483.999023 2.18838094e-02 
22493.999023 1.90973693e-02 
22503.999023 1.66830934e-02 
22513.999023 1.45473149e-02 
22523.999023 1.26877101e-02 
22533.999023 1.10644643e-02 
22543.999023 9.63096726e-03 
22553.999023 8.40425509e-03 
22563.999023 7.34538633e-03 
22573.999023 6.42276191e-03 
22583.999023 5.61379377e-03 
22593.999023 4.90982931e-03 
22603.999023 4.28298369e-03 
22613.999023 3.74928750e-03 
22623.999023 3.29353246e-03 
22633.999023 2.89601770e-03 
22643.999023 2.54744468e-03 
22653.999023 2.24651290e-03 
22663.999023 1.97906725e-03 
22673.999023 1.74947243e-03 
22683.999023 1.55112456e-03 
22693.999023 1.37885159e-03 
22703.999023 1.22965377e-03 
22713.999023 1.10074346e-03 
22723.999023 9.83790629e-04 
22733.999023 8.83069919e-04 
22743.999023 7.94371006e-04 
22753.999023 7.18039232e-04 
22763.999023 6.47422316e-04 
22773.999023 5.88550287e-04 
22783.999023 5.35506268e-04 
22793.999023 4.86068853e-04 
22803.999023 4.42559792e-04 
22813.999023 4.05825978e-04 
22823.999023 3.72158788e-04 
22833.999023 3.42039704e-04 
22843.999023 3.13493966e-04 
22853.999023 2.89634074e-04 
22863.999023 2.65571706e-04 
22873.999023 2.44668920e-04 
22883.999023 2.26448332e-04 
22893.999023 2.09346071e-04 
22903.999023 1.92511132e-04 
22913.999023 1.77725912e-04 
22923.999023 1.64933948e-04 
22933.999023 1.51614034e-04 
22943.999023 1.41154857e-04 
22953.999023 1.31250841e-04 
22963.999023 1.22147322e-04 
22973.999023 1.13735047e-04 
22983.999023 1.06438693e-04 
22993.999023 9.86922350e-05 
23003.999023 9.18349198e-05 
23013.999023 8.56442302e-05 
23023.999023 8.01390985e-05 
23033.999023 7.38228168e-05 
23043.999023 6.85710944e-05 
23053.999023 6.42882694e-05 
23063.999023 6.02769154e-05 
23073.999023 5.62972126e-05 
23083.999023 5.27331950e-05 
23093.999023 4.92464820e-05 
23103.999023 4.66845764e-05 
23113.999023 4.42479400e-05 
23123.999023 4.01748598e-05 
23133.999023 3.69573321e-05 
23143.999023 3.46337447e-05 
23153.999023 3.28138305e-05 
23163.999023 3.08249357e-05 
23173.999023 2.89803375e-05 
23183.999023 2.65229320e-05 
23193.999023 2.48608278e-05 
23203.999023 2.34436705e-05 
23213.999023 2.24061069e-05 
23223.999023 2.13554970e-05 
23233.999023 1.97489896e-05 
23243.999023 1.77997007e-05 
23253.999023 1.65501363e-05 
23263.999023 1.52483458e-05 
23273.999023 1.41953562e-05 
23283.999023 1.29056160e-05 
23293.999023 1.24228025e-05 
23303.999023 1.14640555e-05 
23313.999023 1.05548293e-05 
23323.999023 9.62194337e-06 
23333.999023 8.80655607e-06 
23343.999023 8.16994433e-06 
23353.999023 7.64243499e-06 
23363.999023 7.16740537e-06 
23373.999023 6.76840274e-06 
23383.999023 6.31056440e-06 
23393.999023 5.70002879e-06 
23403.999023 5.26631253e-06 
23413.999023 5.02785563e-06 
23423.999023 5.01037025e-06 
23433.999023 4.83319984e-06 
23443.999023 4.62975977e-06 
23453.999023 4.49994001e-06 
23463.999023 4.48176277e-06 
23473.999023 4.18344334e-06 
23483.999023 3.97074004e-06 
23493.999023 4.13874139e-06 
23503.999023 4.15562855e-06 
23513.999023 3.96697229e-06 
23523.999023 3.78455090e-06 
23533.999023 3.56571249e-06 
23543.999023 3.41338201e-06 
23553.999023 3.28520908e-06 
23563.999023 3.27874935e-06 
23573.999023 3.15470210e-06 
23583.999023 2.94374485e-06 
23593.999023 2.87907580e-06 
23603.999023 2.70508493e-06 
23613.999023 2.53829581e-06 
23623.999023 2.34570167e-06 
23633.999023 2.21872470e-06 
23643.999023 2.17592128e-06 
23653.999023 1.91296140e-06 
23663.999023 1.68140146e-06 
23673.999023 1.57856257e-06 
23683.999023 1.28719695e-06 
23693.999023 1.04601258e-06 
23703.999023 8.76330625e-07 
23713.999023 7.69857063e-07 
23723.999023 6.88341624e-07 
23733.999023 5.80274152e-07 
23743.999023 5.08226535e-07 
23753.999023 4.96765144e-07 
23763.999023 4.45908760e-07 
23773.999023 4.10208684e-07 
23783.999023 3.88267156e-07 
23793.999023 4.01498675e-07 
23803.999023 3.54767340e-07 
23813.999023 3.14299868e-07 
23823.999023 2.67552338e-07 
23833.999023 2.45798610e-07 
23843.999023 2.25939675e-07 
23853.999023 2.28329712e-07 
23863.999023 2.16525183e-07 
23873.999023 2.05042799e-07 
23883.999023 1.86043018e-07 
23893.999023 1.70449822e-07 
23903.999023 1.53293337e-07 
23913.999023 1.40068374e-07 
23923.999023 1.32112931e-07 
23933.999023 1.23730938e-07 
23943.999023 1.23328330e-07 
23953.999023 1.10549251e-07 
23963.999023 9.78132261e-08 
23973.999023 8.38723866e-08 
23983.999023 7.59089316e-08 
23993.999023 6.95587631e-08 
24003.999023 6.16696034e-08 
24013.999023 5.78494447e-08 
24023.999023 5.50086692e-08 
24033.999023 4.69592464e-08 
24043.999023 3.97534602e-08 
24053.999023 3.33051698e-08 
24063.999023 2.99986989e-08 
24073.999023 2.80067748e-08 
24083.999023 2.44962605e-08 
24093.999023 2.17229379e-08 
24103.999023 2.16767112e-08 
24113.999023 1.75918817e-08 
24123.999023 1.38181058e-08 
24133.999023 1.20947340e-08 
24143.999023 1.03845374e-08 
24153.999023 9.61650843e-09 
24163.999023 8.48242599e-09 
24173.999023 6.77384532e-09 
24183.999023 6.11472101e-09 
24193.999023 5.66120870e-09 
24203.999023 5.02948773e-09 
24213.999023 4.32590643e-09 
24223.999023 4.05106022e-09 
24233.999023 3.85611660e-09 
24243.999023 3.32296914e-09 
24253.999023 2.77455670e-09 
24263.999023 2.66057114e-09 
24273.999023 2.30231148e-09 
24283.999023 1.95162927e-09 
24293.999023 1.75880139e-09 
24303.999023 1.56962052e-09 
24313.999023 1.58230795e-09 
24323.999023 1.44648914e-09 
24333.999023 1.33724891e-09 
24343.999023 1.21154785e-09 
24353.999023 1.14043952e-09 
24363.999023 9.73965719e-10 
24373.999023 8.02656981e-10 
24383.999023 7.43491860e-10 
24393.999023 6.78867113e-10 
24403.999023 6.35769210e-10 
24413.999023 5.66451538e-10 
24423.999023 4.89830648e-10 
24433.999023 4.37872377e-10 
24443.999023 3.94709360e-10 
24453.999023 3.58391055e-10 
24463.999023 3.14976316e-10 
24473.999023 2.78135302e-10 
24483.999023 2.57248873e-10 
24493.999023 2.28979463e-10 
24503.999023 2.16036669e-10 
24513.999023 1.97560995e-10 
24523.999023 1.51755273e-10 
24533.999023 1.64229091e-10 
24543.999023 1.65543818e-10 
24553.999023 1.34571448e-10 
24563.999023 1.22193890e-10 
24573.999023 1.18213334e-10 
24583.999023 1.02854435e-10 
24593.999023 8.42561310e-11 
24603.999023 7.97080481e-11 
24613.999023 7.71120013e-11 
24623.999023 7.00421535e-11 
24633.999023 6.93202303e-11 
24643.999023 5.57054296e-11 
24653.999023 4.86604057e-11 
24663.999023 4.45466101e-11 
24673.999023 4.12577522e-11 
24683.999023 3.66904072e-11 
24693.999023 3.40329664e-11 
24703.999023 2.85464677e-11 
24713.999023 2.67776556e-11 
24723.999023 2.56067262e-11 
24733.999023 2.42993264e-11 
24743.999023 2.02871390e-11 
24753.999023 1.80604432e-11 
24763.999023 1.59872861e-11 
24773.999023 1.40036155e-11 
24783.999023 1.22700304e-11 
24793.999023 1.13428278e-11 
24803.999023 1.07945811e-11 
24813.999023 9.90719642e-12 
24823.999023 8.71039642e-12 
24833.999023 7.06460133e-12 
24843.999023 6.25769233e-12 
24853.999023 5.51444943e-12 
24863.999023 4.99469862e-12 
24873.999023 4.96689889e-12 
24883.999023 4.57643759e-12 
24893.999023 4.41306422e-12 
24903.999023 4.23911158e-12 
24913.999023 3.72232634e-12 
24923.999023 3.47194921e-12 
24933.999023 3.14388191e-12 
24943.999023 2.73585888e-12 
24953.999023 2.46858271e-12 
24963.999023 2.13761063e-12 
24973.999023 2.10816850e-12 
24983.999023 1.87887352e-12 
24993.999023 1.76285006e-12 
25003.999023 1.49058309e-12 
25013.999023 1.25280322e-12 
25023.999023 1.31681278e-12 
25033.999023 1.25656811e-12 
25043.999023 1.10261126e-12 
25053.999023 1.04601042e-12 
25063.999023 1.00537314e-12 
25073.999023 8.64333839e-13 
25083.999023 7.93261744e-13 
25093.999023 7.73772444e-13 
25103.999023 7.53513788e-13 
25113.999023 7.27854546e-13 
25123.999023 6.47450950e-13 
25133.999023 5.29824738e-13 
25143.999023 5.00675490e-13 
25153.999023 4.87796781e-13 
25163.999023 4.49062139e-13 
25173.999023 4.25582068e-13 
25183.999023 3.57899927e-13 
25193.999023 3.27743405e-13 
25203.999023 3.24932633e-13 
25213.999023 3.12132856e-13 
25223.999023 2.63106287e-13 
25233.999023 2.34352309e-13 
25243.999023 2.54572165e-13 
25253.999023 2.34800159e-13 
25263.999023 2.08506222e-13 
25273.999023 1.86117508e-13 
25283.999023 1.92043669e-13 
25293.999023 1.75187318e-13 
25303.999023 1.50168253e-13 
25313.999023 1.40415477e-13 
25323.999023 1.39518713e-13 
25333.999023 1.30829214e-13 
25343.999023 1.19563366e-13 
25353.999023 1.03988596e-13 
25363.999023 1.01180498e-13 
25373.999023 9.39685327e-14 
25383.999023 8.61677438e-14 
25393.999023 8.53185367e-14 
25403.999023 7.81786490e-14 
25413.999023 6.68385733e-14 
25423.999023 6.16665991e-14 
25433.999023 5.77377188e-14 
25443.999023 5.47916431e-14 
25453.999023 5.22605226e-14 
25463.999023 5.33164825e-14 
25473.999023 4.48555947e-14 
25483.999023 3.83880675e-14 
25493.999023 3.55008804e-14 
25503.999023 3.17776663e-14 
25513.999023 3.02524931e-14 
25523.999023 2.93368276e-14 
25533.999023 2.79965305e-14 
25543.999023 2.55527692e-14 
25553.999023 2.12160731e-14 
25563.999023 1.99829509e-14 
25573.999023 2.09871796e-14 
25583.999023 1.81081154e-14 
25593.999023 1.57817498e-14 
25603.999023 1.53455678e-14 
25613.999023 1.43253346e-14 
25623.999023 1.17854923e-14 
25633.999023 1.10507868e-14 
25643.999023 1.07479341e-14 
25653.999023 1.00460298e-14 
25663.999023 9.64134239e-15 
25673.999023 7.67233971e-15 
25683.999023 6.63050932e-15 
25693.999023 6.39092167e-15 
25703.999023 6.21732504e-15 
25713.999023 5.34591215e-15 
25723.999023 4.44996428e-15 
25733.999023 4.46812556e-15 
25743.999023 4.43296295e-15 
25753.999023 3.85523514e-15 
25763.999023 3.47734355e-15 
25773.999023 3.43525152e-15 
25783.999023 2.72342164e-15 
25793.999023 2.31748886e-15 
25803.999023 2.09641509e-15 
25813.999023 2.00812693e-15 
25823.999023 1.88858834e-15 
25833.999023 1.75958245e-15 
25843.999023 1.59726228e-15 
25853.999023 1.38135679e-15 
25863.999023 1.30847889e-15 
25873.999023 1.09396420e-15 
25883.999023 9.13373055e-16 
25893.999023 8.57362377e-16 
25903.999023 8.87008758e-16 
25913.999023 7.82123063e-16 
25923.999023 5.89886883e-16 
25933.999023 5.54966711e-16 
25943.999023 5.41328172e-16 
25953.999023 5.12580260e-16 
25963.999023 5.01177082e-16 
25973.999023 4.86088312e-16 
