5507.899780 1.24770178e-09 
5517.899780 1.63490118e-09 
5527.899780 1.89296167e-10 
5537.899780 1.03112552e-09 
5547.899780 1.42555937e-09 
5557.899780 1.04065344e-09 
5567.899780 1.13265871e-09 
5577.899780 2.74126642e-10 
5587.899780 1.49671559e-09 
5597.899780 1.52584662e-09 
5607.899780 6.62822659e-11 
5617.899780 5.44467658e-10 
5627.899780 9.56807000e-10 
5637.899780 1.50136224e-09 
5647.899780 4.32681956e-10 
5657.899780 2.38442790e-09 
5667.899780 2.15805044e-10 
5677.899780 3.50919690e-09 
5687.899780 1.76314978e-09 
5697.899780 1.50794228e-09 
5707.899780 2.92117156e-09 
5717.899780 1.05791412e-09 
5727.899780 1.04184977e-09 
5737.899780 2.36920496e-09 
5747.899780 1.39093750e-09 
5757.899780 1.63004766e-09 
5767.899780 6.19634052e-10 
5777.899780 4.94871526e-09 
5787.899780 3.66509512e-09 
5797.899780 3.28214264e-09 
5807.899780 2.26162813e-09 
5817.899780 3.60109739e-10 
5827.899780 3.08092238e-09 
5837.899780 6.20610483e-09 
5847.899780 4.72691890e-09 
5857.899780 1.02924241e-08 
5867.899780 4.29715859e-09 
5877.899780 5.75419403e-09 
5887.899780 2.94395289e-09 
5897.899780 8.78884840e-09 
5907.899780 3.91125647e-10 
5917.899780 8.05170958e-09 
5927.899780 1.00156994e-08 
5937.899780 1.61554567e-08 
5947.899780 1.00711028e-08 
5957.899780 1.20415371e-08 
5967.899780 3.17983585e-08 
5977.899780 4.10290484e-09 
5987.899780 7.53441508e-09 
5997.899780 3.77576804e-09 
6007.899780 1.30840065e-08 
6017.899780 1.37019643e-08 
6027.899780 1.86416251e-08 
6037.899780 3.25481231e-08 
6047.899780 4.28901989e-09 
6057.899780 8.29832368e-09 
6067.899780 1.60431537e-08 
6077.899780 6.93116652e-09 
6087.899780 8.99996941e-09 
6097.899780 5.14427864e-09 
6107.899780 7.86839871e-09 
6117.899780 6.03378087e-09 
6127.899780 1.37042827e-08 
6137.899780 1.94335084e-08 
6147.899780 6.27491372e-09 
6157.899780 1.65880054e-08 
6167.899780 2.32168313e-08 
6177.899780 1.70024040e-08 
6187.899780 1.40398705e-08 
6197.899780 1.96489132e-08 
6207.899780 1.99850411e-08 
6217.899780 2.11969405e-08 
6227.899780 1.51657871e-08 
6237.899780 2.11039289e-08 
6247.899780 1.44895636e-08 
6257.899780 9.75193838e-09 
6267.899780 3.44357349e-08 
6277.899780 1.31487172e-09 
6287.899780 1.38131182e-08 
6297.899780 7.13986953e-09 
6307.899780 2.43355617e-08 
6317.899780 1.34038909e-08 
6327.899780 5.37165306e-09 
6337.899780 1.22037751e-08 
6347.899780 8.45049334e-09 
6357.899780 5.66763723e-08 
6367.899780 2.26339539e-08 
6377.899780 1.56548682e-08 
6387.899780 2.15647946e-08 
6397.899780 4.57372282e-08 
6407.899780 2.01468964e-08 
6417.899780 1.85479541e-08 
6427.899780 2.62399736e-08 
6437.899780 2.13317187e-08 
6447.899780 2.34029058e-08 
6457.899780 2.96986912e-08 
6467.899780 1.26109196e-08 
6477.899780 2.46567742e-08 
6487.899780 1.69763803e-08 
6497.899780 3.48892014e-08 
6507.899780 1.86938294e-08 
6517.899780 2.41451274e-08 
6527.899780 2.45448711e-08 
6537.899780 3.57652212e-08 
6547.899780 3.14770768e-08 
6557.899780 2.78744587e-08 
6567.899780 3.82962074e-08 
6577.899780 5.42227188e-08 
6587.899780 1.71142448e-08 
6597.899780 3.94674654e-08 
6607.899780 4.29745800e-08 
6617.899780 5.63116522e-08 
6627.899780 3.53971674e-08 
6637.899780 4.45865937e-08 
6647.899780 4.10739940e-08 
6657.899780 4.08241715e-08 
6667.899780 4.18339536e-08 
6677.899780 8.49195431e-08 
6687.899780 6.97374554e-08 
6697.899780 5.92171853e-08 
6707.899780 5.97996849e-08 
6717.899780 5.20222862e-08 
6727.899780 6.71974662e-08 
6737.899780 5.12539510e-08 
6747.899780 4.03020683e-08 
6757.899780 4.18835108e-08 
6767.899780 5.88949498e-08 
6777.899780 5.11879930e-08 
6787.899780 6.10284669e-08 
6797.899780 8.99027224e-08 
6807.899780 7.62870002e-08 
6817.899780 6.68338134e-08 
6827.899780 5.64441821e-08 
6837.899780 5.13896583e-08 
6847.899780 6.88648527e-08 
6857.899780 8.12957826e-08 
6867.899780 5.71706427e-08 
6877.899780 6.14824527e-08 
6887.899780 5.25311667e-08 
6897.899780 7.52454100e-08 
6907.899780 7.79684398e-08 
6917.899780 7.44623411e-08 
6927.899780 6.04493190e-08 
6937.899780 6.79886629e-08 
6947.899780 6.84870401e-08 
6957.899780 7.85572123e-08 
6967.899780 8.17389242e-08 
6977.899780 7.78033599e-08 
6987.899780 6.48177185e-08 
6997.899780 3.80594009e-08 
7007.899780 6.81443814e-08 
7017.899780 8.06558030e-08 
7027.899780 6.13122472e-08 
7037.899780 7.03103271e-08 
7047.899780 7.31814998e-08 
7057.899780 7.18749464e-08 
7067.899780 6.90233552e-08 
7077.899780 6.17239578e-08 
7087.899780 6.41891323e-08 
7097.899780 5.68607636e-08 
7107.899780 4.97419563e-08 
7117.899780 3.37760008e-08 
7127.899780 4.50726746e-08 
7137.899780 7.02483698e-08 
7147.899780 5.56546101e-08 
7157.899780 6.99035035e-08 
7167.899780 6.28332914e-08 
7177.899780 8.71128495e-08 
7187.899780 7.25344211e-08 
7197.899780 8.06055546e-08 
7207.899780 8.32863430e-08 
7217.899780 8.16495862e-08 
7227.899780 9.09026137e-08 
7237.899780 8.44628444e-08 
7247.899780 9.30546141e-08 
7257.899780 1.00288973e-07 
7267.899780 5.60805830e-08 
7277.899780 6.66828118e-08 
7287.899780 7.11406892e-08 
7297.899780 4.96007170e-08 
7307.899780 6.04797069e-08 
7317.899780 3.76544612e-08 
7327.899780 7.27103710e-08 
7337.899780 6.74172125e-08 
7347.899780 7.05200233e-08 
7357.899780 7.24451067e-08 
7367.899780 7.78721664e-08 
7377.899780 1.01187811e-07 
7387.899780 9.57261060e-08 
7397.899780 8.23155279e-08 
7407.899780 8.85174462e-08 
7417.899780 7.60096091e-08 
7427.899780 9.28785367e-08 
7437.899780 5.70482946e-08 
7447.899780 6.67371424e-08 
7457.899780 4.16077057e-08 
7467.899780 5.00168692e-08 
7477.899780 5.88943603e-08 
7487.899780 9.00017109e-08 
7497.899780 1.06073140e-07 
7507.899780 1.04698829e-07 
7517.899780 1.09816762e-07 
7527.899780 9.07012258e-08 
7537.899780 1.02949012e-07 
7547.899780 8.45612507e-08 
7557.899780 5.93089569e-08 
7567.899780 1.01507769e-07 
7577.899780 9.00275044e-08 
7587.899780 8.22715828e-08 
7597.899780 6.77726480e-08 
7607.899780 7.71762808e-08 
7617.899780 6.14774856e-08 
7627.899780 6.80948691e-08 
7637.899780 6.75431996e-08 
7647.899780 8.49097325e-08 
7657.899780 9.16910424e-08 
7667.899780 8.30563131e-08 
7677.899780 7.33012480e-08 
7687.899780 6.89773587e-08 
7697.899780 7.64265111e-08 
7707.899780 9.85821257e-08 
7717.899780 8.07113856e-08 
7727.899780 6.08474084e-08 
7737.899780 7.45662472e-08 
7747.899780 7.76506726e-08 
7757.899780 6.48393908e-08 
7767.899780 4.47636218e-08 
7777.899780 4.96387740e-08 
7787.899780 6.65014208e-08 
7797.899780 7.02428224e-08 
7807.899780 4.01661952e-08 
7817.899780 9.14867982e-08 
7827.899780 6.13704866e-08 
7837.899780 1.12655102e-07 
7847.899780 6.20354246e-08 
7857.899780 4.78646454e-08 
7867.899780 4.19101868e-08 
7877.899780 8.38090732e-08 
7887.899780 7.22305206e-08 
7897.899780 3.54931658e-08 
7907.899780 6.64108088e-08 
7917.899780 4.46674719e-08 
7927.899780 7.29458289e-08 
7937.899780 2.98810589e-08 
7947.899780 3.38587270e-08 
7957.899780 3.15398663e-08 
7967.899780 1.74857096e-08 
7977.899780 4.77677104e-08 
7987.899780 2.70956438e-08 
7997.899780 5.47161418e-08 
8007.899780 6.95687534e-08 
8017.899780 7.14962375e-08 
8027.899780 3.96916036e-08 
8037.899780 6.52436052e-08 
8047.899780 2.05633305e-08 
8057.899780 5.32899109e-08 
8067.899780 3.94999249e-08 
8077.899780 2.98786777e-08 
8087.899780 5.14965503e-08 
8097.899780 2.73530287e-08 
8107.899780 6.40104040e-08 
8117.899780 1.04059377e-08 
8127.899780 7.25888508e-08 
8137.899780 4.91350425e-08 
8147.899780 6.98164402e-08 
8157.899780 1.04296313e-07 
8167.899780 4.83550611e-08 
8177.899780 4.56103927e-08 
8187.899780 5.71941189e-08 
8197.899780 8.44455601e-08 
8207.899780 5.13360540e-08 
8217.899780 9.60052958e-08 
8227.899780 9.84505365e-08 
8237.899780 3.75610209e-08 
8247.899780 5.21634414e-08 
8257.899780 6.62502354e-08 
8267.899780 9.28222550e-09 
8277.899780 3.46723507e-08 
8287.899780 7.46361929e-08 
8297.899780 7.45751339e-08 
8307.899780 6.29292775e-08 
8317.899780 5.84582735e-08 
8327.899780 6.71482825e-08 
8337.899780 1.09845205e-07 
8347.899780 1.25612864e-07 
8357.899780 1.49265479e-07 
8367.899780 8.79368665e-08 
8377.899780 6.40646348e-08 
8387.899780 1.24131242e-07 
8397.899780 1.37837233e-07 
8407.899780 9.77795870e-08 
8417.899780 3.84542957e-08 
8427.899780 7.96858806e-08 
8437.899780 1.08886157e-07 
8447.899780 1.02106247e-07 
8457.899780 1.34128822e-07 
8467.899780 7.36419647e-08 
8477.899780 1.15716005e-07 
8487.899780 1.47645194e-07 
8497.899780 9.61170876e-08 
8507.899780 1.12663237e-07 
8517.899780 1.30023192e-07 
8527.899780 9.56244530e-08 
8537.899780 5.17542408e-08 
8547.899780 1.76437423e-07 
8557.899780 1.50177137e-07 
8567.899780 1.43233066e-07 
8577.899780 1.11331705e-07 
8587.899780 6.09509335e-09 
8597.899780 1.14481186e-07 
8607.899780 2.09539914e-07 
8617.899780 1.81608737e-07 
8627.899780 1.50635237e-07 
8637.899780 9.25434292e-08 
8647.899780 8.00889627e-08 
8657.899780 5.28265542e-08 
8667.899780 7.77608169e-08 
8677.899780 3.04997787e-11 
8687.899780 7.27580456e-08 
8697.899780 3.05571241e-11 
8707.899780 3.06114332e-11 
8717.899780 3.06829464e-11 
8727.899780 8.43092831e-08 
8737.899780 3.07612463e-11 
8747.899780 1.03850072e-07 
8757.899780 2.88054095e-07 
8767.899780 3.45702823e-07 
8777.899780 3.09415417e-11 
8787.899780 3.09645144e-11 
8797.899780 3.57308542e-07 
8807.899780 8.42716734e-08 
8817.899780 7.67296263e-08 
8827.899780 2.90411438e-07 
8837.899780 3.03019829e-07 
8847.899780 2.41208255e-07 
8857.899780 6.53075135e-07 
8867.899780 4.36471098e-07 
8877.899780 8.21838042e-09 
8887.899780 6.32309135e-07 
8897.899780 3.12416325e-11 
8907.899780 8.83520740e-07 
8917.899780 3.13706391e-11 
8927.899780 3.13991592e-11 
8937.899780 7.96355709e-07 
8947.899780 3.14651374e-11 
8957.899780 1.44249217e-06 
8967.899780 3.14543320e-11 
8977.899780 1.29990290e-07 
8987.899780 3.90410810e-08 
8997.899780 1.13521852e-07 
9007.899780 2.00398497e-08 
9017.899780 7.33369171e-08 
9027.899780 3.03184000e-08 
9037.899780 8.47997504e-08 
9047.899780 1.35479691e-07 
9057.899780 1.36619410e-07 
9067.899780 9.53960938e-08 
9077.899780 5.92985633e-08 
9087.899780 9.68725901e-08 
9097.899780 1.18592643e-07 
9107.899780 1.81987038e-08 
9117.899780 1.12220157e-07 
9127.899780 1.87777424e-07 
9137.899780 8.14559415e-08 
9147.899780 1.30562771e-07 
9157.899780 8.27082182e-08 
9167.899780 1.31137890e-07 
9177.899780 1.16630309e-07 
9187.899780 7.08999273e-08 
9197.899780 1.57867604e-07 
9207.899780 1.14838678e-07 
9217.899780 1.21359833e-07 
9227.899780 1.70347849e-07 
9237.899780 1.18011791e-07 
9247.899780 1.59224996e-07 
9257.899780 1.46440373e-07 
9267.899780 7.65189198e-08 
9277.899780 1.79398005e-07 
9287.899780 2.40832543e-07 
9297.899780 2.43138651e-07 
9307.899780 1.25471005e-07 
9317.899780 2.13563135e-07 
9327.899780 2.47009296e-07 
9337.899780 1.47693292e-07 
9347.899780 2.15412596e-07 
9357.899780 2.27498652e-07 
9367.899780 2.43468622e-07 
9377.899780 2.00336608e-07 
9387.899780 2.48984574e-07 
9397.899780 1.61122346e-07 
9407.899780 1.81530137e-07 
9417.899780 1.51743090e-07 
9427.899780 2.16029941e-07 
9437.899780 2.06089364e-07 
9447.899780 1.56924017e-07 
9457.899780 1.14821712e-07 
9467.899780 2.28168130e-07 
9477.899780 2.37304912e-07 
9487.899780 2.31649631e-07 
9497.899780 1.48116573e-07 
9507.899780 2.54739975e-07 
9517.899780 2.25309328e-07 
9527.899780 2.53522505e-07 
9537.899780 3.08562493e-07 
9547.899780 2.34087444e-07 
9557.899780 2.32349369e-07 
9567.899780 2.54312480e-07 
9577.899780 3.36653822e-07 
9587.899780 2.70202995e-07 
9597.899780 2.00530006e-07 
9607.899780 2.24243896e-07 
9617.899780 2.40779389e-07 
9627.899780 1.39076078e-07 
9637.899780 2.15958428e-07 
9647.899780 2.04914808e-07 
9657.899780 2.64060928e-07 
9667.899780 2.26726760e-07 
9677.899780 1.83469585e-07 
9687.899780 3.14238912e-07 
9697.899780 2.70753229e-07 
9707.899780 2.46208437e-07 
9717.899780 2.77723651e-07 
9727.899780 3.14927408e-07 
9737.899780 2.19352082e-07 
9747.899780 2.22315313e-07 
9757.899780 2.75254905e-07 
9767.899780 2.28284641e-07 
9777.899780 1.77862385e-07 
9787.899780 1.13158721e-07 
9797.899780 2.15975523e-07 
9807.899780 1.92623345e-07 
9817.899780 2.24415464e-07 
9827.899780 1.38889110e-07 
9837.899780 1.59385497e-07 
9847.899780 1.91450261e-07 
9857.899780 2.23737906e-07 
9867.899780 2.90895784e-07 
9877.899780 1.42669012e-07 
9887.899780 2.41075668e-07 
9897.899780 2.96009394e-07 
9907.899780 2.47790338e-07 
9917.899780 1.97111777e-07 
9927.899780 2.14735913e-07 
9937.899780 2.29862621e-07 
9947.899780 2.57894590e-07 
9957.899780 2.55023676e-07 
9967.899780 2.34222499e-07 
9977.899780 2.45092169e-07 
9987.899780 1.68649436e-06 
9997.899780 1.46868408e-06 
10007.899780 1.60687589e-06 
10017.899780 1.71660377e-06 
10027.899780 1.52768411e-06 
10037.899780 1.59099334e-06 
10047.899780 1.67871260e-06 
10057.899780 1.92988488e-06 
10067.899780 1.54059420e-06 
10077.899780 1.15204074e-06 
10087.899780 1.21650710e-06 
10097.899780 1.52934386e-06 
10107.899780 1.56645014e-06 
10117.899780 1.24485338e-06 
10127.899780 1.29744357e-06 
10137.899780 1.41062629e-06 
10147.899780 1.65556584e-06 
10157.899780 1.55567157e-06 
10167.899780 1.48973812e-06 
10177.899780 1.11149476e-06 
10187.899780 1.29643999e-06 
10197.899780 1.55383046e-06 
10207.899780 1.38391572e-06 
10217.899780 1.72145075e-06 
10227.899780 1.26839464e-06 
10237.899780 1.40899638e-06 
10247.900391 1.68647139e-06 
10257.900391 1.40267748e-06 
10267.900391 1.20028195e-06 
10277.900391 1.36521358e-06 
10287.900391 1.13678816e-06 
10297.900391 9.57877969e-07 
10307.900391 1.06639646e-06 
10317.900391 1.23971855e-06 
10327.900391 9.55757736e-07 
10337.900391 1.23099739e-06 
10347.900391 1.17927912e-06 
10357.900391 1.05584879e-06 
10367.900391 1.36940369e-06 
10377.900391 1.12757508e-06 
10387.900391 1.05128970e-06 
10397.900391 1.31432500e-06 
10407.900391 1.17523099e-06 
10417.900391 9.78739323e-07 
10427.900391 9.90487357e-07 
10437.900391 1.49597675e-06 
10447.900391 1.22851174e-06 
10457.900391 1.39843819e-06 
10467.900391 1.28323190e-06 
10477.900391 1.23298152e-06 
10487.900391 1.19559908e-06 
10497.900391 7.58228835e-07 
10507.900391 1.11929226e-06 
10517.900391 9.71162331e-07 
10527.900391 1.01560023e-06 
10537.900391 1.06131534e-06 
10547.900391 1.13102472e-06 
10557.900391 8.68030553e-07 
10567.900391 8.66938864e-07 
10577.900391 1.06690439e-06 
10587.900391 8.62436230e-07 
10597.900391 1.20264159e-06 
10607.900391 1.14223796e-06 
10617.900391 1.19479675e-06 
10627.900391 9.36317713e-07 
10637.900391 9.95731650e-07 
10647.900391 1.12731796e-06 
10657.900391 1.30925835e-06 
10667.900391 1.48436198e-06 
10677.900391 1.19183165e-06 
10687.900391 8.06878834e-07 
10697.900391 9.16057892e-07 
10707.900391 1.13994727e-06 
10717.900391 1.18287805e-06 
10727.900391 1.16096362e-06 
10737.900391 1.05934422e-06 
10747.900391 1.23254516e-06 
10757.900391 8.98568358e-07 
10767.900391 1.24199010e-06 
10777.900391 8.61939219e-07 
10787.900391 8.69079061e-07 
10797.900391 1.09036679e-06 
10807.900391 8.66396548e-07 
10817.900391 1.04208779e-06 
10827.900391 7.68593777e-07 
10837.900391 9.37261928e-07 
10847.900391 1.33769134e-06 
10857.900391 7.02580262e-07 
10867.900391 9.65557914e-07 
10877.900391 1.07945455e-06 
10887.900391 1.02877620e-06 
10897.900391 7.47215950e-07 
10907.900391 9.67876074e-07 
10917.900391 9.42855147e-07 
10927.900391 1.19877412e-06 
10937.900391 8.75698983e-07 
10947.900391 7.18318579e-07 
10957.900391 9.57625415e-07 
10967.900391 9.15138316e-07 
10977.900391 1.00531109e-06 
10987.900391 1.02902338e-06 
10997.900391 8.80957352e-07 
11007.900391 1.21873652e-06 
11017.900391 1.13279636e-06 
11027.900391 7.63484882e-07 
11037.900391 6.92619071e-07 
11047.900391 1.24946078e-06 
11057.900391 1.28650496e-06 
11067.900391 1.08883697e-06 
11077.900391 8.19677688e-07 
11087.900391 9.42548572e-07 
11097.900391 8.25873366e-07 
11107.900391 7.28971414e-07 
11117.900391 1.32409110e-06 
11127.900391 1.05410682e-06 
11137.900391 1.07198359e-06 
11147.900391 1.24020926e-06 
11157.900391 8.86798917e-07 
11167.900391 1.16068859e-06 
11177.900391 8.98050260e-07 
11187.900391 1.06346537e-06 
11197.900391 8.92381157e-07 
11207.900391 8.01136810e-07 
11217.900391 6.99080114e-07 
11227.900391 7.88546911e-07 
11237.900391 1.05698706e-06 
11247.900391 8.26755834e-07 
11257.900391 7.29002813e-07 
11267.900391 1.02138619e-06 
11277.900391 9.85230012e-07 
11287.900391 1.10051597e-06 
11297.900391 1.35338015e-06 
11307.900391 1.22214096e-06 
11317.900391 1.20205230e-06 
11327.900391 9.29976541e-07 
11337.900391 9.62662594e-07 
11347.900391 1.10819834e-06 
11357.900391 8.93755914e-07 
11367.900391 1.00274676e-06 
11377.900391 7.86069913e-07 
11387.900391 9.75194136e-07 
11397.900391 1.00468062e-06 
11407.900391 1.08410395e-06 
11417.900391 9.38157443e-07 
11427.900391 9.17058272e-07 
11437.900391 1.06252756e-06 
11447.900391 1.12889575e-06 
11457.900391 1.06230853e-06 
11467.900391 9.20873979e-07 
11477.900391 9.34145479e-07 
11487.900391 1.00008198e-06 
11497.900391 8.78764025e-07 
11507.900391 9.08149979e-07 
11517.900391 1.03475024e-06 
11527.900391 1.22640353e-06 
11537.900391 1.22571403e-06 
11547.900391 1.08356049e-06 
11557.900391 1.32236815e-06 
11567.900391 1.19189724e-06 
11577.900391 1.02250838e-06 
11587.900391 1.03986936e-06 
11597.900391 8.46866174e-07 
11607.900391 1.11586151e-06 
11617.900391 8.87729683e-07 
11627.900391 1.28606021e-06 
11637.900391 1.11465170e-06 
11647.900391 1.12435763e-06 
11657.900391 8.40524090e-07 
11667.900391 1.31513253e-06 
11677.900391 1.01722360e-06 
11687.900391 1.14350484e-06 
11697.900391 1.44469481e-06 
11707.900391 1.14916757e-06 
11717.900391 1.04708458e-06 
11727.900391 1.14053760e-06 
11737.900391 1.15500392e-06 
11747.900391 1.30102401e-06 
11757.900391 1.28432905e-06 
11767.900391 1.49212041e-06 
11777.900391 1.32022198e-06 
11787.900391 1.19530365e-06 
11797.900391 1.14314164e-06 
11807.900391 1.27708041e-06 
11817.900391 9.97955013e-07 
11827.900391 1.13566313e-06 
11837.900391 1.11830145e-06 
11847.900391 9.50250855e-07 
11857.900391 9.69392869e-07 
11867.900391 1.09236245e-06 
11877.900391 1.10834243e-06 
11887.900391 1.08812223e-06 
11897.900391 1.11112491e-06 
11907.900391 1.06550786e-06 
11917.900391 9.72665027e-07 
11927.900391 8.18661402e-07 
11937.900391 1.16297403e-06 
11947.900391 1.10461953e-06 
11957.900391 1.35869161e-06 
11967.900391 1.33980075e-06 
11977.900391 1.09682193e-06 
11987.900391 1.03166569e-06 
11997.900391 1.33953667e-06 
12007.900391 1.29400555e-06 
12017.900391 1.41874761e-06 
12027.900391 1.58699970e-06 
12037.900391 1.12103789e-06 
12047.900391 1.67974949e-06 
12057.900391 1.43741688e-06 
12067.900391 1.30004101e-06 
12077.900391 1.34907637e-06 
12087.900391 1.23308258e-06 
12097.900391 1.39752018e-06 
12107.900391 1.19130684e-06 
12117.900391 1.43742905e-06 
12127.900391 1.49983393e-06 
12137.900391 1.24186743e-06 
12147.900391 1.59766586e-06 
12157.900391 1.31343842e-06 
12167.900391 1.25941196e-06 
12177.900391 1.47929307e-06 
12187.900391 1.56447281e-06 
12197.900391 1.87559690e-06 
12207.900391 1.65252296e-06 
12217.900391 1.67394713e-06 
12227.900391 1.78788515e-06 
12237.900391 1.72933715e-06 
12247.900391 1.73560636e-06 
12257.900391 1.91847112e-06 
12267.900391 1.97178659e-06 
12277.900391 2.07468594e-06 
12287.900391 1.90186584e-06 
12297.900391 2.04438219e-06 
12307.900391 2.22286584e-06 
12317.900391 2.06656916e-06 
12327.900391 1.77905454e-06 
12337.900391 2.21840384e-06 
12347.900391 2.17472004e-06 
12357.900391 2.24880212e-06 
12367.900391 2.42370473e-06 
12377.900391 2.68547280e-06 
12387.900391 2.69446327e-06 
12397.900391 3.03253923e-06 
12407.900391 2.86633282e-06 
12417.900391 3.22388437e-06 
12427.900391 3.64697533e-06 
12437.900391 3.15268321e-06 
12447.900391 3.74413810e-06 
12457.900391 3.91182616e-06 
12467.900391 4.24286165e-06 
12477.900391 4.58207192e-06 
12487.900391 4.74819723e-06 
12497.900391 5.30019708e-06 
12507.900391 5.57740520e-06 
12517.900391 6.32243154e-06 
12527.900391 6.72700367e-06 
12537.900391 7.15271041e-06 
12547.900391 8.04635601e-06 
12557.900391 8.70874328e-06 
12567.900391 9.39764392e-06 
12577.900391 1.00653883e-05 
12587.900391 1.10712133e-05 
12597.900391 1.19866252e-05 
12607.900391 1.33280370e-05 
12617.900391 1.42771047e-05 
12627.900391 1.61267307e-05 
12637.900391 1.76580164e-05 
12647.900391 1.93663679e-05 
12657.900391 2.15540317e-05 
12667.900391 2.37314466e-05 
12677.900391 2.63884401e-05 
12687.900391 2.91190478e-05 
12697.900391 3.22899695e-05 
12707.900391 3.66015208e-05 
12717.900391 4.07383131e-05 
12727.900391 4.61419563e-05 
12737.900391 5.17536135e-05 
12747.900391 5.88028175e-05 
12757.900391 6.68949943e-05 
12767.900391 7.64106500e-05 
12777.900391 8.69666815e-05 
12787.900391 9.95149376e-05 
12797.900391 1.14017837e-04 
12807.900391 1.30903719e-04 
12817.900391 1.50552843e-04 
12827.900391 1.72760385e-04 
12837.900391 1.98264883e-04 
12847.900391 2.27337769e-04 
12857.900391 2.61516198e-04 
12867.900391 3.02631241e-04 
12877.900391 3.46275773e-04 
12887.900391 4.01940252e-04 
12897.900391 4.66703760e-04 
12907.900391 5.39473504e-04 
12917.900391 6.25161454e-04 
12927.900391 7.38184502e-04 
12937.900391 8.60926435e-04 
12947.900391 1.00687579e-03 
12957.900391 1.20138561e-03 
12967.900391 1.42181149e-03 
12977.900391 1.69381885e-03 
12987.900391 2.04396752e-03 
12997.900391 2.46138686e-03 
13007.900391 2.97228884e-03 
13017.900391 3.61802194e-03 
13027.900391 4.41296998e-03 
13037.900391 5.35764510e-03 
13047.900391 6.49437296e-03 
13057.900391 7.80338914e-03 
13067.900391 9.02662705e-03 
13077.900391 9.89438667e-03 
13087.900391 1.09851281e-02 
13097.900391 1.19421713e-02 
13107.900391 1.30791203e-02 
13117.900391 1.45165474e-02 
13127.900391 1.62747797e-02 
13137.900391 1.81404827e-02 
13147.900391 2.07080332e-02 
13157.900391 2.28907049e-02 
13167.900391 2.62277232e-02 
13177.900391 2.97240669e-02 
13187.900391 3.46916817e-02 
13197.900391 4.00739597e-02 
13207.900391 4.75486309e-02 
13217.900391 5.56904922e-02 
13227.900391 6.59580688e-02 
13237.900391 7.69476141e-02 
13247.900391 9.12655432e-02 
13257.900391 1.05272828e-01 
13267.900391 1.22619200e-01 
13277.900391 1.41442125e-01 
13287.900391 1.63153049e-01 
13297.900391 1.86327944e-01 
13307.900391 2.11411635e-01 
13317.900391 2.36018525e-01 
13327.900391 2.60667977e-01 
13337.900391 2.84753830e-01 
13347.900391 3.06024897e-01 
13357.900391 3.24848820e-01 
13367.900391 3.40603968e-01 
13377.900391 3.53810173e-01 
13387.900391 3.63584038e-01 
13397.900391 3.70871870e-01 
13407.900391 3.75996207e-01 
13417.900391 3.79346498e-01 
13427.900391 3.81722259e-01 
13437.900391 3.85152570e-01 
13447.900391 3.84408273e-01 
13457.900391 3.85970569e-01 
13467.900391 3.88144829e-01 
13477.900391 3.88580325e-01 
13487.900391 3.89835531e-01 
13497.900391 3.90628291e-01 
13507.900391 3.92413291e-01 
13517.900391 3.92887165e-01 
13527.900391 3.93184942e-01 
13537.900391 3.94577508e-01 
13547.900391 3.93761589e-01 
13557.900391 3.94390828e-01 
13567.900391 3.94374134e-01 
13577.900391 3.93909691e-01 
13587.900391 3.93781747e-01 
13597.900391 3.93319273e-01 
13607.900391 3.92614428e-01 
13617.900391 3.91982044e-01 
13627.900391 3.90799089e-01 
13637.900391 3.91044034e-01 
13647.900391 3.91815692e-01 
13657.900391 3.91851435e-01 
13667.900391 3.90566112e-01 
13677.900391 3.90229752e-01 
13687.900391 3.91193723e-01 
13697.900391 3.90883020e-01 
13707.900391 3.91949750e-01 
13717.900391 3.91804651e-01 
13727.900391 3.90813736e-01 
13737.900391 3.90827815e-01 
13747.900391 3.90674297e-01 
13757.900391 3.90831151e-01 
13767.900391 3.90571291e-01 
13777.900391 3.90698866e-01 
13787.900391 3.90257921e-01 
13797.900391 3.89778079e-01 
13807.900391 3.88963902e-01 
13817.900391 3.88934293e-01 
13827.900391 3.90304620e-01 
13837.900391 3.89572400e-01 
13847.900391 3.89260029e-01 
13857.900391 3.89556403e-01 
13867.900391 3.89587199e-01 
13877.900391 3.88329844e-01 
13887.900391 3.88750883e-01 
13897.900391 3.89723622e-01 
13907.900391 3.90249259e-01 
13917.900391 3.89694948e-01 
13927.900391 3.90939464e-01 
13937.900391 3.90752293e-01 
13947.900391 3.91694296e-01 
13957.900391 3.92299308e-01 
13967.900391 3.92602452e-01 
13977.900391 3.94387788e-01 
13987.900391 3.94653963e-01 
13997.900391 3.94857536e-01 
14007.900391 3.96593037e-01 
14017.900391 3.97072637e-01 
14027.900391 3.97762169e-01 
14037.900391 3.98774897e-01 
14047.900391 3.99182221e-01 
14057.900391 4.00776027e-01 
14067.900391 4.01068712e-01 
14077.900391 4.01040156e-01 
14087.900391 4.02324352e-01 
14097.900391 4.03394507e-01 
14107.900391 4.02741250e-01 
14117.900391 4.04424877e-01 
14127.900391 4.05129264e-01 
14137.900391 4.06578913e-01 
14147.900391 4.06582911e-01 
14157.900391 4.07386415e-01 
14167.900391 4.08520785e-01 
14177.900391 4.07931743e-01 
14187.900391 4.09695680e-01 
14197.900391 4.09709132e-01 
14207.900391 4.10056090e-01 
14217.900391 4.11583810e-01 
14227.900391 4.11804661e-01 
14237.900391 4.12972051e-01 
14247.900391 4.13183909e-01 
14257.900391 4.12373341e-01 
14267.900391 4.13732003e-01 
14277.900391 4.13861954e-01 
14287.900391 4.13910850e-01 
14297.900391 4.16124253e-01 
14307.900391 4.16325499e-01 
14317.900391 4.16981525e-01 
14327.900391 4.16109345e-01 
14337.900391 4.16539069e-01 
14347.900391 4.17403869e-01 
14357.900391 4.16896485e-01 
14367.900391 4.16902621e-01 
14377.900391 4.18077287e-01 
14387.900391 4.18199665e-01 
14397.900391 4.18120623e-01 
14407.900391 4.19259501e-01 
14417.900391 4.18481095e-01 
14427.900391 4.19168648e-01 
14437.900391 4.19758436e-01 
14447.900391 4.20273554e-01 
14457.900391 4.19372976e-01 
14467.900391 4.20094335e-01 
14477.900391 4.19820227e-01 
14487.900391 4.21372331e-01 
14497.900391 4.20254085e-01 
14507.900391 4.20131512e-01 
14517.900391 4.21232747e-01 
14527.900391 4.21128155e-01 
14537.900391 4.19523005e-01 
14547.900391 4.18556242e-01 
14557.900391 4.19772031e-01 
14567.900391 4.18626979e-01 
14577.900391 4.18410138e-01 
14587.900391 4.18916614e-01 
14597.900391 4.18043987e-01 
14607.900391 4.16280868e-01 
14617.900391 4.15092137e-01 
14627.900391 4.14780783e-01 
14637.900391 4.14289509e-01 
14647.900391 4.14398324e-01 
14657.900391 4.14465569e-01 
14667.900391 4.12523629e-01 
14677.900391 4.12319232e-01 
14687.900391 4.12326697e-01 
14697.900391 4.11272188e-01 
14707.900391 4.09755249e-01 
14717.900391 4.09430329e-01 
14727.900391 4.10262101e-01 
14737.900391 4.08842563e-01 
14747.900391 4.10666443e-01 
14757.900391 4.09606257e-01 
14767.900391 4.10158258e-01 
14777.900391 4.10311195e-01 
14787.900391 4.10477089e-01 
14797.900391 4.10732416e-01 
14807.900391 4.10269589e-01 
14817.900391 4.10929965e-01 
14827.900391 4.11649520e-01 
14837.900391 4.11592639e-01 
14847.900391 4.13051835e-01 
14857.900391 4.15580303e-01 
14867.900391 4.14759081e-01 
14877.900391 4.15810034e-01 
14887.900391 4.16324154e-01 
14897.900391 4.16909920e-01 
14907.900391 4.17657575e-01 
14917.900391 4.19472065e-01 
14927.900391 4.19825018e-01 
14937.900391 4.20284753e-01 
14947.900391 4.21116439e-01 
14957.900391 4.22439243e-01 
14967.900391 4.23619400e-01 
14977.900391 4.23386276e-01 
14987.900391 4.24415771e-01 
14997.900391 4.26902803e-01 
15007.900391 4.27414805e-01 
15017.900391 4.27413541e-01 
15027.900391 4.27733693e-01 
15037.900391 4.29309060e-01 
15047.900391 4.29739328e-01 
15057.900391 4.30340733e-01 
15067.900391 4.31887151e-01 
15077.900391 4.31918838e-01 
15087.900391 4.33195891e-01 
15097.900391 4.34311779e-01 
15107.900391 4.35024440e-01 
15117.900391 4.34690853e-01 
15127.900391 4.36141651e-01 
15137.900391 4.36690226e-01 
15147.900391 4.35649236e-01 
15157.900391 4.36458728e-01 
15167.900391 4.36623207e-01 
15177.900391 4.37999946e-01 
15187.900391 4.36369273e-01 
15197.900391 4.37567027e-01 
15207.900391 4.36741328e-01 
15217.900391 4.36004803e-01 
15227.900391 4.38140481e-01 
15237.900391 4.36515494e-01 
15247.900391 4.35495295e-01 
15257.900391 4.36190545e-01 
15267.900391 4.36459313e-01 
15277.900391 4.36101193e-01 
15287.900391 4.35450258e-01 
15297.900391 4.33918603e-01 
15307.900391 4.35420264e-01 
15317.900391 4.34427772e-01 
15327.900391 4.34055825e-01 
15337.900391 4.32812837e-01 
15347.900391 4.33383454e-01 
15357.900391 4.33348196e-01 
15367.900391 4.32481231e-01 
15377.900391 4.33603554e-01 
15387.900391 4.32715681e-01 
15397.900391 4.31718175e-01 
15407.900391 4.31534193e-01 
15417.900391 4.31538607e-01 
15427.900391 4.31283876e-01 
15437.900391 4.31764762e-01 
15447.900391 4.30756178e-01 
15457.900391 4.30820856e-01 
15467.900391 4.30975735e-01 
15477.900391 4.30384742e-01 
15487.900391 4.31899797e-01 
15497.900391 4.29587104e-01 
15507.900391 4.30517351e-01 
15517.900391 4.28551797e-01 
15527.900391 4.29801590e-01 
15537.900391 4.28538191e-01 
15547.900391 4.29391727e-01 
15557.900391 4.27470192e-01 
15567.900391 4.26618007e-01 
15577.900391 4.26403638e-01 
15587.900391 4.26392861e-01 
15597.900391 4.26394507e-01 
15607.900391 4.25630596e-01 
15617.900391 4.26399649e-01 
15627.900391 4.24302340e-01 
15637.900391 4.25480365e-01 
15647.900391 4.25137953e-01 
15657.900391 4.25341025e-01 
15667.900391 4.26257339e-01 
15677.900391 4.26325831e-01 
15687.900391 4.26731459e-01 
15697.900391 4.27225843e-01 
15707.900391 4.27450218e-01 
15717.900391 4.28536564e-01 
15727.900391 4.30945211e-01 
15737.900391 4.30006374e-01 
15747.900391 4.32157155e-01 
15757.900391 4.31750695e-01 
15767.900391 4.34067435e-01 
15777.900391 4.34796142e-01 
15787.900391 4.34610959e-01 
15797.900391 4.36482178e-01 
15807.900391 4.37767386e-01 
15817.900391 4.38172420e-01 
15827.900391 4.39216951e-01 
15837.900391 4.40708156e-01 
15847.900391 4.42139447e-01 
15857.900391 4.42509334e-01 
15867.900391 4.41305810e-01 
15877.900391 4.43107344e-01 
15887.900391 4.42467766e-01 
15897.900391 4.43661598e-01 
15907.900391 4.43597879e-01 
15917.900391 4.44807587e-01 
15927.900391 4.45263609e-01 
15937.900391 4.44917154e-01 
15947.900391 4.44322554e-01 
15957.900391 4.44650494e-01 
15967.900391 4.46457147e-01 
15977.900391 4.46049040e-01 
15987.900391 4.46119602e-01 
15997.900391 4.44448826e-01 
16007.900391 4.47120658e-01 
16017.900391 4.46115781e-01 
16027.900391 4.46190823e-01 
16037.900391 4.45811744e-01 
16047.900391 4.47159863e-01 
16057.900391 4.47093102e-01 
16067.900391 4.47230272e-01 
16077.900391 4.46855851e-01 
16087.900391 4.46470532e-01 
16097.900391 4.46952632e-01 
16107.900391 4.46927317e-01 
16117.900391 4.47238218e-01 
16127.900391 4.46007301e-01 
16137.900391 4.47082382e-01 
16147.900391 4.47248770e-01 
16157.900391 4.47722791e-01 
16167.900391 4.47853870e-01 
16177.900391 4.48951801e-01 
16187.900391 4.45839321e-01 
16197.900391 4.47383675e-01 
16207.900391 4.45267078e-01 
16217.900391 4.47040159e-01 
16227.900391 4.45348659e-01 
16237.900391 4.45444174e-01 
16247.900391 4.44872358e-01 
16257.900391 4.44313597e-01 
16267.900391 4.43065063e-01 
16277.900391 4.44367177e-01 
16287.900391 4.43503738e-01 
16297.900391 4.42173322e-01 
16307.900391 4.42439081e-01 
16317.900391 4.42774588e-01 
16327.900391 4.43459903e-01 
16337.900391 4.42484574e-01 
16347.900391 4.42839001e-01 
16357.900391 4.44229302e-01 
16367.900391 4.43932817e-01 
16377.900391 4.44583634e-01 
16387.900391 4.44294897e-01 
16397.900391 4.45670768e-01 
16407.900391 4.44695676e-01 
16417.900391 4.45662723e-01 
16427.900391 4.45512217e-01 
16437.900391 4.46343645e-01 
16447.900391 4.43358992e-01 
16457.900391 4.46563232e-01 
16467.900391 4.46212618e-01 
16477.900391 4.47968767e-01 
16487.900391 4.47172966e-01 
16497.900391 4.47984580e-01 
16507.900391 4.49034768e-01 
16517.900391 4.49302842e-01 
16527.900391 4.51428353e-01 
16537.900391 4.51874745e-01 
16547.900391 4.51760421e-01 
16557.900391 4.49297003e-01 
16567.900391 4.47951529e-01 
16577.900391 4.44600168e-01 
16587.900391 4.37925619e-01 
16597.900391 4.28064783e-01 
16607.900391 4.16868422e-01 
16617.900391 3.99865647e-01 
16627.900391 3.80668104e-01 
16637.900391 3.55451483e-01 
16647.900391 3.30175425e-01 
16657.900391 3.03055859e-01 
16667.900391 2.73507891e-01 
16677.900391 2.45764949e-01 
16687.900391 2.16548968e-01 
16697.900391 1.88443765e-01 
16707.900391 1.64294744e-01 
16717.900391 1.40751433e-01 
16727.900391 1.20592534e-01 
16737.900391 1.02860287e-01 
16747.900391 8.85266170e-02 
16757.900391 7.73626522e-02 
16767.900391 6.72326946e-02 
16777.900391 5.93764229e-02 
16787.900391 5.15753931e-02 
16797.900391 4.53600941e-02 
16807.900391 3.98709847e-02 
16817.900391 3.57356500e-02 
16827.900391 3.13485305e-02 
16837.900391 2.79712524e-02 
16847.900391 2.44129391e-02 
16857.900391 2.08385770e-02 
16867.900391 1.77046456e-02 
16877.900391 1.49126576e-02 
16887.900391 1.24571454e-02 
16897.900391 1.05117545e-02 
16907.900391 8.84456041e-03 
16917.900391 7.46396941e-03 
16927.900391 6.25230278e-03 
16937.900391 5.30308757e-03 
16947.900391 4.48086525e-03 
16957.900391 3.77614162e-03 
16967.900391 3.22804695e-03 
16977.900391 2.73699912e-03 
16987.900391 2.33545291e-03 
16997.900391 2.00252699e-03 
17007.900391 1.72626748e-03 
17017.900391 1.47907662e-03 
17027.900391 1.27840347e-03 
17037.900391 1.10753397e-03 
17047.900391 9.58459747e-04 
17057.900391 8.37361952e-04 
17067.900391 7.31684764e-04 
17077.900391 6.39122757e-04 
17087.900391 5.60401489e-04 
17097.900391 4.93744672e-04 
17107.900391 4.34561233e-04 
17117.900391 3.83373161e-04 
17127.900391 3.41318487e-04 
17137.900391 3.00290198e-04 
17147.900391 2.69039328e-04 
17157.900391 2.39677952e-04 
17167.900391 2.14888082e-04 
17177.900391 1.91748905e-04 
17187.900391 1.72787502e-04 
17197.900391 1.55734776e-04 
17207.900391 1.40657142e-04 
17217.900391 1.27873028e-04 
17227.900391 1.14670529e-04 
17237.900391 1.04725187e-04 
17247.900391 9.49784831e-05 
17257.900391 8.69411132e-05 
17267.900391 7.80752507e-05 
17277.900391 7.26797978e-05 
17287.900391 6.50947053e-05 
17297.900391 6.06937829e-05 
17307.900391 5.57205174e-05 
17317.900391 5.04679553e-05 
17327.900391 4.74385137e-05 
17337.900391 4.17925761e-05 
17347.900391 3.95417444e-05 
17357.900391 3.63546892e-05 
17367.900391 3.33331195e-05 
17377.900391 3.16557828e-05 
17387.900391 2.91982537e-05 
17397.900391 2.69217154e-05 
17407.900391 2.47043491e-05 
17417.900391 2.28845937e-05 
17427.900391 2.13202449e-05 
17437.900391 2.04531385e-05 
17447.900391 1.85457737e-05 
17457.900391 1.79035397e-05 
17467.900391 1.62636085e-05 
17477.900391 1.59614485e-05 
17487.900391 1.53372631e-05 
17497.900391 1.37744196e-05 
17507.900391 1.32652579e-05 
17517.900391 1.23438604e-05 
17527.900391 1.13410347e-05 
17537.900391 1.08669374e-05 
17547.900391 1.08962789e-05 
17557.900391 9.77204432e-06 
17567.900391 9.62387116e-06 
17577.900391 8.84863210e-06 
17587.900391 9.22961159e-06 
17597.900391 7.67711619e-06 
17607.900391 9.09631338e-06 
17617.900391 7.17283111e-06 
17627.900391 6.92395547e-06 
17637.900391 7.58493849e-06 
17647.900391 6.93749072e-06 
17657.900391 7.43931095e-06 
17667.900391 6.20379213e-06 
17677.900391 6.35969606e-06 
17687.900391 4.96421896e-06 
17697.900391 6.85507507e-06 
17707.900391 5.99758169e-06 
17717.900391 5.22630830e-06 
17727.900391 5.86827290e-06 
17737.900391 5.22189274e-06 
17747.900391 5.02315426e-06 
17757.900391 5.00996159e-06 
17767.900391 5.62514162e-06 
17777.900391 5.82176668e-06 
17787.900391 5.88525019e-06 
17797.900391 5.00896415e-06 
17807.900391 4.08297343e-06 
17817.900391 5.12918824e-06 
17827.900391 4.28625459e-06 
17837.900391 5.03330531e-06 
17847.900391 4.64309646e-06 
17857.900391 5.36102776e-06 
17867.900391 4.76360528e-06 
17877.900391 5.06860336e-06 
17887.900391 4.54928356e-06 
17897.900391 5.41061755e-06 
17907.900391 4.66907594e-06 
17917.900391 4.68694538e-06 
17927.900391 4.93709701e-06 
17937.900391 4.50754343e-06 
17947.900391 4.80883149e-06 
17957.900391 5.36793835e-06 
17967.900391 3.87341194e-06 
17977.900391 4.46773573e-06 
17987.900391 3.62750569e-06 
17997.900391 3.45632464e-06 
18007.900391 4.55043373e-06 
18017.900391 5.43814771e-06 
18027.900391 4.86207877e-06 
18037.900391 5.07381507e-06 
18047.900391 3.32036244e-06 
18057.900391 3.99343203e-06 
18067.900391 4.78650900e-06 
18077.900391 5.03522331e-06 
18087.900391 5.10127619e-06 
18097.900391 4.98508569e-06 
18107.900391 5.62331074e-06 
18117.900391 5.54848943e-06 
18127.900391 4.51442859e-06 
18137.900391 4.65376087e-06 
18147.900391 4.87924370e-06 
18157.900391 4.44769605e-06 
18167.900391 4.28996728e-06 
18177.900391 4.97543403e-06 
18187.900391 5.49226846e-06 
18197.900391 4.79661947e-06 
18207.900391 4.40430971e-06 
18217.900391 4.87102173e-06 
18227.900391 4.90531286e-06 
18237.900391 5.66370159e-06 
18247.900391 4.72234085e-06 
18257.900391 5.72182757e-06 
18267.900391 4.22674637e-06 
18277.900391 3.81577343e-06 
18287.900391 5.60542675e-06 
18297.900391 4.93495003e-06 
18307.900391 5.61882974e-06 
18317.900391 4.06988695e-06 
18327.900391 4.80692869e-06 
18337.900391 3.60805306e-06 
18347.900391 5.74242758e-06 
18357.900391 5.00372551e-06 
18367.900391 4.61845381e-06 
18377.900391 3.34180317e-06 
18387.900391 5.62512775e-06 
18397.900391 3.95795969e-06 
18407.900391 5.50417647e-06 
18417.900391 3.67643649e-06 
18427.900391 5.05556021e-06 
18437.900391 5.55027519e-06 
18447.900391 4.43458515e-06 
18457.900391 3.71233494e-06 
18467.900391 5.76000395e-06 
18477.900391 6.27239840e-06 
18487.900391 4.16916536e-06 
18497.900391 6.38887559e-06 
18507.900391 4.89377669e-06 
18517.900391 6.23427055e-06 
18527.900391 4.84854381e-06 
18537.900391 4.43963934e-06 
18547.900391 5.18930288e-06 
18557.900391 6.92645290e-06 
18567.900391 5.11560425e-06 
18577.900391 4.19858435e-06 
18587.900391 6.05774784e-06 
18597.900391 3.56429303e-06 
18607.900391 5.83031437e-06 
18617.900391 5.37781493e-06 
18627.900391 5.70838465e-06 
18637.900391 5.21287674e-06 
18647.900391 6.65452714e-06 
18657.900391 4.87084424e-06 
18667.900391 4.61659212e-06 
18677.900391 6.84045337e-06 
18687.900391 5.44670285e-06 
18697.900391 5.62079369e-06 
18707.900391 5.85089423e-06 
18717.900391 5.42708181e-06 
18727.900391 3.29269301e-06 
18737.900391 3.77196753e-06 
18747.900391 4.43024472e-06 
18757.900391 4.88278200e-06 
18767.900391 6.26006827e-06 
18777.900391 6.29287455e-06 
18787.900391 5.88985445e-06 
18797.900391 4.91539157e-06 
18807.900391 4.76048699e-06 
18817.900391 4.13604219e-06 
18827.900391 5.47517322e-06 
18837.900391 4.68539657e-06 
18847.900391 7.36187264e-06 
18857.900391 4.99667589e-06 
18867.900391 5.69362612e-06 
18877.900391 5.43805419e-06 
18887.900391 5.17817329e-06 
18897.900391 5.35447475e-06 
18907.900391 4.98784724e-06 
18917.900391 6.04086474e-06 
18927.900391 5.09230052e-06 
18937.900391 5.09984750e-06 
18947.900391 5.01131347e-06 
18957.900391 6.78495987e-06 
18967.900391 5.08674189e-06 
18977.900391 6.83994906e-06 
18987.900391 5.21767049e-06 
18997.900391 4.72274619e-06 
19007.900391 4.33331110e-06 
19017.900391 5.51717562e-06 
19027.900391 6.67334195e-06 
19037.900391 4.60964518e-06 
19047.900391 5.09718800e-06 
19057.900391 5.26186220e-06 
19067.900391 5.75304311e-06 
19077.900391 6.05212056e-06 
19087.900391 4.13393159e-06 
19097.900391 6.25199995e-06 
19107.900391 5.93462608e-06 
19117.900391 5.40386299e-06 
19127.900391 6.94160661e-06 
19137.900391 4.83445132e-06 
19147.900391 4.61193694e-06 
19157.900391 5.60919296e-06 
19167.900391 4.89829601e-06 
19177.900391 5.39961724e-06 
19187.900391 5.40089601e-06 
19197.900391 6.48969043e-06 
19207.900391 6.27411782e-06 
19217.900391 6.59166775e-06 
19227.900391 6.50845463e-06 
19237.900391 4.85662697e-06 
19247.900391 6.05243332e-06 
19257.900391 4.55223422e-06 
19267.900391 6.11758704e-06 
19277.900391 5.76955576e-06 
19287.900391 5.13550113e-06 
19297.900391 4.92730167e-06 
19307.900391 6.12168488e-06 
19317.900391 4.77015207e-06 
19327.900391 4.21557022e-06 
19337.900391 6.34335206e-06 
19347.900391 5.89816663e-06 
19357.900391 6.49093133e-06 
19367.900391 6.01808840e-06 
19377.900391 6.45383614e-06 
19387.900391 4.33385082e-06 
19397.900391 6.06194522e-06 
19407.900391 6.27949433e-06 
19417.900391 6.57184100e-06 
19427.900391 6.35199858e-06 
19437.900391 5.96896668e-06 
19447.900391 8.97053671e-06 
19457.900391 6.10117962e-06 
19467.900391 7.09883704e-06 
19477.900391 7.14744252e-06 
19487.900391 4.79972276e-06 
19497.900391 7.15624193e-06 
19507.900391 7.17216937e-06 
19517.900391 5.25615661e-06 
19527.900391 6.73259361e-06 
19537.900391 5.57245282e-06 
19547.900391 5.29822853e-06 
19557.900391 5.67740621e-06 
19567.900391 5.47370094e-06 
19577.900391 6.94870768e-06 
19587.900391 5.82253556e-06 
19597.900391 6.17759928e-06 
19607.900391 5.53725009e-06 
19617.900391 6.16833835e-06 
19627.900391 5.33753725e-06 
19637.900391 5.05860888e-06 
19647.900391 5.85950650e-06 
19657.900391 6.57035021e-06 
19667.900391 6.04146984e-06 
19677.900391 5.45908640e-06 
19687.900391 7.01559232e-06 
19697.900391 6.28962412e-06 
19707.900391 6.55737190e-06 
19717.900391 6.21455923e-06 
19727.900391 5.88975798e-06 
19737.900391 5.92755753e-06 
19747.900391 6.71694746e-06 
19757.900391 5.06150402e-06 
19767.900391 5.90954102e-06 
19777.900391 5.96335032e-06 
19787.900391 6.51443430e-06 
19797.900391 6.31043317e-06 
19807.900391 5.14786111e-06 
19817.900391 5.71325694e-06 
19827.900391 7.96580972e-06 
19837.900391 6.47070750e-06 
19847.900391 6.29413736e-06 
19857.900391 5.52331656e-06 
19867.900391 5.33960637e-06 
19877.900391 5.68072537e-06 
19887.900391 6.68725467e-06 
19897.900391 7.16652351e-06 
19907.900391 4.32680621e-06 
19917.900391 7.74454915e-06 
19927.900391 6.23725821e-06 
19937.900391 4.73735586e-06 
19947.900391 5.74077730e-06 
19957.900391 6.82133280e-06 
19967.900391 5.89714045e-06 
19977.900391 6.69053432e-06 
19987.900391 6.92543677e-06 
19997.900391 6.23471592e-06 
20007.900391 5.60785105e-06 
20017.900391 5.72810873e-06 
20027.900391 6.21476593e-06 
20037.900391 7.33276128e-06 
20047.900391 7.03073926e-06 
20057.900391 5.72729009e-06 
20067.900391 7.70245326e-06 
20077.900391 7.92680059e-06 
20087.900391 6.46489559e-06 
20097.900391 7.62352157e-06 
20107.900391 7.05178642e-06 
20117.900391 8.02934156e-06 
20127.900391 7.22658557e-06 
20137.900391 6.52327460e-06 
20147.900391 7.41868767e-06 
20157.900391 7.83197009e-06 
20167.900391 4.98408339e-06 
20177.900391 8.15054482e-06 
20187.900391 6.87794408e-06 
20197.900391 9.24807821e-06 
20207.900391 6.18868676e-06 
20217.900391 7.76504996e-06 
20227.900391 6.19335318e-06 
20237.900391 7.21697429e-06 
20247.900391 7.48225550e-06 
20257.900391 5.76701834e-06 
20267.900391 7.03742518e-06 
20277.900391 6.28799128e-06 
20287.900391 8.51286648e-06 
20297.900391 6.71923313e-06 
20307.900391 7.44519008e-06 
20317.900391 7.53566638e-06 
20327.900391 8.24446418e-06 
20337.900391 8.03356224e-06 
20347.900391 5.90333693e-06 
20357.900391 8.03635182e-06 
20367.900391 5.79388421e-06 
20377.900391 7.45594850e-06 
20387.900391 6.07910730e-06 
20397.900391 7.66443870e-06 
20407.900391 5.52558853e-06 
20417.900391 1.05806214e-05 
20427.900391 5.90485848e-06 
20437.900391 7.43777652e-06 
20447.900391 5.47199367e-06 
20457.900391 9.57778262e-06 
20467.900391 7.12939888e-06 
20477.900391 6.66460287e-06 
20487.900391 8.90492645e-06 
20497.900391 6.12648640e-06 
20507.900391 8.96263121e-06 
20517.900391 7.26526807e-06 
20527.900391 7.80810547e-06 
20537.900391 6.78007446e-06 
20547.900391 7.08326931e-06 
20557.900391 9.37755629e-06 
20567.900391 6.41701086e-06 
20577.900391 5.74711314e-06 
20587.900391 8.89148341e-06 
20597.900391 7.42788333e-06 
20607.900391 7.94629984e-06 
20617.900391 8.30626867e-06 
20627.900391 7.61158528e-06 
20637.900391 9.06938729e-06 
20647.900391 9.05465682e-06 
20657.900391 8.16837517e-06 
20667.900391 6.35309532e-06 
20677.900391 7.45059804e-06 
20687.900391 9.42442300e-06 
20697.900391 7.99480160e-06 
20707.900391 7.97445673e-06 
20717.900391 9.28864665e-06 
20727.900391 7.33106699e-06 
20737.900391 7.86516788e-06 
20747.900391 1.04944045e-05 
20757.900391 7.38812588e-06 
20767.900391 8.97269819e-06 
20777.900391 6.86327628e-06 
20787.900391 7.76999524e-06 
20797.900391 9.00885933e-06 
20807.900391 8.92730397e-06 
20817.900391 7.08437377e-06 
20827.900391 9.38555610e-06 
20837.900391 7.86740422e-06 
20847.900391 8.84493806e-06 
20857.900391 8.88904874e-06 
20867.900391 8.77652027e-06 
20877.900391 7.27898211e-06 
20887.900391 8.08078536e-06 
20897.900391 1.04926423e-05 
20907.900391 8.68016658e-06 
20917.900391 7.62776445e-06 
20927.900391 8.13339191e-06 
20937.900391 8.20927701e-06 
20947.900391 7.78904654e-06 
20957.900391 8.51331324e-06 
20967.900391 8.52293826e-06 
20977.900391 8.67010153e-06 
20987.900391 7.22215301e-06 
20997.900391 7.87180501e-06 
21007.900391 8.54617361e-06 
21017.900391 8.62906144e-06 
21027.900391 8.69103665e-06 
21037.900391 1.02055712e-05 
21047.900391 9.26209219e-06 
21057.900391 7.12595804e-06 
21067.900391 8.77323313e-06 
21077.900391 8.91749966e-06 
21087.900391 7.23556790e-06 
21097.900391 8.57491024e-06 
21107.900391 7.36342020e-06 
21117.900391 9.90251867e-06 
21127.900391 8.64079372e-06 
21137.900391 9.17893076e-06 
21147.900391 1.02672997e-05 
21157.900391 9.02235238e-06 
21167.900391 9.71566319e-06 
21177.900391 8.50848834e-06 
21187.900391 1.15972919e-05 
21197.900391 1.01575276e-05 
21207.900391 9.39092420e-06 
21217.900391 8.69418568e-06 
21227.900391 9.30083338e-06 
21237.900391 7.99922516e-06 
21247.900391 8.14867545e-06 
21257.900391 1.05682443e-05 
21267.900391 1.12735956e-05 
21277.900391 1.31508665e-05 
21287.900391 1.05385127e-05 
21297.900391 1.11861620e-05 
21307.900391 1.15469788e-05 
21317.900391 8.84352529e-06 
21327.900391 1.33597407e-05 
21337.900391 9.86223917e-06 
21347.900391 6.96522288e-06 
21357.900391 9.89010128e-06 
21367.900391 1.11012459e-05 
21377.900391 6.27916927e-06 
21387.900391 1.16982118e-05 
21397.900391 1.07781722e-05 
21407.900391 1.09657312e-05 
21417.900391 1.30273224e-05 
21427.900391 1.01607416e-05 
21437.900391 1.15744536e-05 
21447.900391 1.02867216e-05 
21457.900391 1.16242102e-05 
21467.900391 9.48882058e-06 
21477.900391 1.07277982e-05 
21487.900391 1.32304426e-05 
21497.900391 1.09050386e-05 
21507.900391 8.35210841e-06 
21517.900391 1.23156545e-05 
21527.900391 1.37996883e-05 
21537.900391 1.44678250e-05 
21547.900391 1.20137060e-05 
21557.900391 1.32250801e-05 
21567.900391 1.06369350e-05 
21577.900391 1.20785233e-05 
21587.900391 1.03110259e-05 
21597.900391 1.15748863e-05 
21607.900391 1.06317240e-05 
21617.900391 1.08656727e-05 
21627.900391 1.03718082e-05 
21637.900391 1.22077856e-05 
21647.900391 1.18662725e-05 
21657.900391 7.95984657e-06 
21667.900391 1.00046358e-05 
21677.900391 9.10401960e-06 
21687.900391 1.02638026e-05 
21697.900391 1.19643819e-05 
21707.900391 1.23506482e-05 
21717.900391 1.09064080e-05 
21727.900391 1.06026361e-05 
21737.900391 1.33312718e-05 
21747.900391 1.12622386e-05 
21757.900391 1.18236176e-05 
21767.900391 6.63688639e-06 
21777.900391 9.60293614e-06 
21787.900391 1.00361151e-05 
21797.900391 1.00045261e-05 
21807.900391 8.27425834e-06 
21817.900391 1.19693135e-05 
21827.900391 1.05271665e-05 
21837.900391 1.07705401e-05 
21847.900391 1.25114013e-05 
21857.900391 1.03472916e-05 
21867.900391 1.05709754e-05 
21877.900391 7.70619451e-06 
21887.900391 9.84892424e-06 
21897.900391 1.16103323e-05 
21907.900391 1.06715923e-05 
21917.900391 1.38379826e-05 
21927.900391 1.16040067e-05 
21937.900391 9.50045043e-06 
21947.900391 1.16764050e-05 
21957.900391 1.13301811e-05 
21967.900391 1.40917356e-05 
21977.900391 1.22006528e-05 
21987.900391 1.40970463e-05 
21997.900391 1.21078048e-05 
22007.900391 1.18984199e-05 
22017.900391 1.31566126e-05 
22027.900391 1.38808637e-05 
22037.900391 1.39987707e-05 
22047.900391 1.32163304e-05 
22057.900391 1.49388993e-05 
22067.900391 1.48722133e-05 
22077.900391 1.35441043e-05 
22087.900391 1.33168837e-05 
22097.900391 1.68760444e-05 
22107.900391 1.44191501e-05 
22117.900391 1.79810742e-05 
22127.900391 1.78474370e-05 
22137.900391 1.82463571e-05 
22147.900391 1.70357126e-05 
22157.900391 9.73130066e-06 
22167.900391 1.67465107e-05 
22177.900391 1.80130736e-05 
22187.900391 1.52187929e-05 
22197.900391 1.47682217e-05 
22207.900391 1.36030436e-05 
22217.900391 1.72160531e-05 
22227.900391 1.41801367e-05 
22237.900391 1.39613653e-05 
22247.900391 1.58187106e-05 
22257.900391 1.31857301e-05 
22267.900391 1.69301787e-05 
22277.900391 1.62773980e-05 
22287.900391 1.39004750e-05 
22297.900391 1.85921494e-05 
22307.900391 1.44916991e-05 
22317.900391 1.46907758e-05 
22327.900391 1.58662049e-05 
22337.900391 1.83612633e-05 
22347.900391 1.63755903e-05 
22357.900391 1.65014687e-05 
22367.900391 1.30885924e-05 
22377.900391 1.78500609e-05 
22387.900391 1.35025442e-05 
22397.900391 1.92419070e-05 
22407.900391 1.87016845e-05 
22417.900391 1.56544973e-05 
22427.900391 2.01414866e-05 
22437.900391 1.81909823e-05 
22447.900391 1.76606407e-05 
22457.900391 1.72777574e-05 
22467.900391 1.53558034e-05 
22477.900391 2.27863701e-05 
22487.900391 1.61518332e-05 
22497.900391 1.99085740e-05 
22507.900391 1.80594656e-05 
22517.900391 1.64081653e-05 
22527.900391 1.81505345e-05 
22537.900391 1.88809176e-05 
22547.900391 1.95577109e-05 
22557.900391 2.02247311e-05 
22567.900391 1.94718881e-05 
22577.900391 1.70137716e-05 
22587.900391 1.64020188e-05 
22597.900391 2.15459636e-05 
22607.900391 1.93969699e-05 
22617.900391 2.07938729e-05 
22627.900391 1.73435818e-05 
22637.900391 1.97512444e-05 
22647.900391 1.75441484e-05 
22657.900391 1.91626867e-05 
22667.900391 2.08264395e-05 
22677.900391 1.97316148e-05 
22687.900391 2.12903753e-05 
22697.900391 1.84105303e-05 
22707.900391 1.93469977e-05 
22717.900391 1.70930142e-05 
22727.900391 1.80577759e-05 
22737.900391 1.83156973e-05 
22747.900391 1.70898935e-05 
22757.900391 1.80005708e-05 
22767.900391 1.53427026e-05 
22777.900391 1.36737362e-05 
22787.900391 1.59099712e-05 
22797.900391 1.48011953e-05 
22807.900391 1.41050984e-05 
22817.900391 1.18825249e-05 
22827.900391 9.12147740e-06 
22837.900391 1.17003859e-05 
22847.900391 1.33974281e-05 
22857.900391 1.11635045e-05 
22867.900391 1.13187542e-05 
22877.900391 9.17960637e-06 
22887.900391 1.33504083e-05 
22897.900391 9.57959364e-06 
22907.900391 1.04447094e-05 
22917.900391 1.07000205e-05 
22927.900391 8.81205135e-06 
22937.900391 1.02108639e-05 
22947.900391 1.04504597e-05 
22957.900391 6.60178226e-06 
22967.900391 8.45171562e-06 
22977.900391 6.44061383e-06 
22987.900391 6.73306690e-06 
22997.900391 7.73479491e-06 
23007.900391 6.89239001e-06 
23017.900391 8.71329856e-06 
23027.900391 6.68117520e-06 
23037.900391 7.26542620e-06 
23047.900391 6.41970923e-06 
23057.900391 7.64899006e-06 
23067.900391 6.93533120e-06 
23077.900391 4.85015968e-06 
23087.900391 7.93174544e-06 
23097.900391 5.70738517e-06 
23107.900391 6.76699370e-06 
23117.900391 5.98965029e-06 
23127.900391 5.21835939e-06 
23137.900391 5.49168432e-06 
23147.900391 5.95009079e-06 
23157.900391 5.74258213e-06 
23167.900391 5.47613173e-06 
23177.900391 3.89391516e-06 
23187.900391 4.00263273e-06 
23197.900391 5.31330717e-06 
23207.900391 4.48440542e-06 
23217.900391 4.30828998e-06 
23227.900391 4.67848971e-06 
23237.900391 3.16245476e-06 
23247.900391 3.75322755e-06 
23257.900391 4.03587220e-06 
23267.900391 3.78759437e-06 
23277.900391 3.85803034e-06 
23287.900391 3.14423222e-06 
23297.900391 3.15197219e-06 
23307.900391 2.97169071e-06 
23317.900391 2.75322022e-06 
23327.900391 2.93748889e-06 
23337.900391 2.80083844e-06 
23347.900391 2.32695060e-06 
23357.900391 2.21734648e-06 
23367.900391 2.08069421e-06 
23377.900391 2.22101945e-06 
23387.900391 2.17628068e-06 
23397.900391 2.01584778e-06 
23407.900391 1.80702523e-06 
23417.900391 2.23131067e-06 
23427.900391 2.13942711e-06 
23437.900391 1.78183295e-06 
23447.900391 1.77568642e-06 
23457.900391 1.64735894e-06 
23467.900391 1.80570876e-06 
23477.900391 1.65790010e-06 
23487.900391 1.72141676e-06 
23497.900391 1.99612125e-06 
23507.900391 1.55835955e-06 
23517.900391 1.66423846e-06 
23527.900391 1.58409943e-06 
23537.900391 1.67982420e-06 
23547.900391 1.72024677e-06 
23557.900391 1.10226845e-06 
23567.900391 1.98615603e-06 
23577.900391 1.50232070e-06 
23587.900391 1.30832052e-06 
23597.900391 1.60437849e-06 
23607.900391 1.34612879e-06 
23617.900391 1.09556987e-06 
23627.900391 1.28889394e-06 
23637.900391 1.18708039e-06 
23647.900391 1.05257182e-06 
23657.900391 8.91713975e-07 
23667.900391 7.14500687e-07 
23677.900391 7.46601543e-07 
23687.900391 5.13613768e-07 
23697.900391 4.97984649e-07 
23707.900391 4.62540227e-07 
23717.900391 4.25099705e-07 
23727.900391 3.65543929e-07 
23737.900391 2.32789937e-07 
23747.900391 2.88407476e-07 
23757.900391 2.61876266e-07 
23767.900391 2.23773517e-07 
23777.900391 2.33824499e-07 
23787.900391 2.46503461e-07 
23797.900391 2.45858399e-07 
23807.900391 1.47389482e-07 
23817.900391 1.87343483e-07 
23827.900391 1.79317979e-07 
23837.900391 1.39271986e-07 
23847.900391 1.43131557e-07 
23857.900391 1.46404881e-07 
23867.900391 1.07326706e-07 
23877.900391 8.75165946e-08 
23887.900391 1.07853089e-07 
23897.900391 8.51371207e-08 
23907.900391 9.04313969e-08 
23917.900391 1.19090213e-07 
23927.900391 7.60487006e-08 
23937.900391 8.11005392e-08 
23947.900391 6.42219066e-08 
23957.900391 6.02618418e-08 
23967.900391 5.22700824e-08 
23977.900391 4.17856647e-08 
23987.900391 3.91974988e-08 
23997.900391 4.60844035e-08 
24007.900391 4.11338343e-08 
24017.900391 3.10318710e-08 
24027.900391 3.10341999e-08 
24037.900391 2.30754001e-08 
24047.900391 2.15492924e-08 
24057.900391 2.09604613e-08 
24067.900391 2.06032722e-08 
24077.900391 1.48726784e-08 
24087.900391 1.41054634e-08 
24097.900391 1.20687635e-08 
24107.900391 8.97584916e-09 
24117.900391 8.83102568e-09 
24127.900391 7.89180354e-09 
24137.900391 7.80160763e-09 
24147.900391 5.19863855e-09 
24157.900391 5.59552927e-09 
24167.900391 5.08406263e-09 
24177.900391 4.06046662e-09 
24187.900391 4.72609414e-09 
24197.900391 3.45183717e-09 
24207.900391 2.96188512e-09 
24217.900391 2.61918862e-09 
24227.900391 2.82661192e-09 
24237.900391 1.62430754e-09 
24247.900391 1.70452242e-09 
24257.900391 1.56190571e-09 
24267.900391 1.46727935e-09 
24277.900391 1.29602707e-09 
24287.900391 1.24083739e-09 
24297.900391 1.10660450e-09 
24307.900391 1.00729169e-09 
24317.900391 8.58914798e-10 
24327.900391 7.70157644e-10 
24337.900391 9.08268481e-10 
24347.900391 6.77925452e-10 
24357.900391 4.85811024e-10 
24367.900391 6.55251730e-10 
24377.900391 4.81939415e-10 
24387.900391 4.65855591e-10 
24397.900391 4.80398484e-10 
24407.900391 2.75090644e-10 
24417.900391 3.12311047e-10 
24427.900391 2.54728345e-10 
24437.900391 2.82529129e-10 
24447.900391 1.55302895e-10 
24457.900391 2.50679164e-10 
24467.900391 2.12687604e-10 
24477.900391 2.19317379e-10 
24487.900391 1.19234663e-10 
24497.900391 1.69202596e-10 
24507.900391 1.01348674e-10 
24517.900391 1.01804928e-10 
24527.900391 1.31107669e-10 
24537.900391 9.60167955e-11 
24547.900391 8.64506690e-11 
24557.900391 6.94299229e-11 
24567.900391 6.61078783e-11 
24577.900391 6.60394158e-11 
24587.900391 6.75556881e-11 
24597.900391 6.13704646e-11 
24607.900391 4.28284910e-11 
24617.900391 4.70824601e-11 
24627.900391 5.39248553e-11 
24637.900391 2.86560945e-11 
24647.900391 2.81639399e-11 
24657.900391 3.42994854e-11 
24667.900391 2.59207634e-11 
24677.900391 2.63547418e-11 
24687.900391 2.29562404e-11 
24697.900391 1.80017441e-11 
24707.900391 1.69151620e-11 
24717.900391 1.56180368e-11 
24727.900391 1.02002663e-11 
24737.900391 1.39411081e-11 
24747.900391 1.15030952e-11 
24757.900391 9.57673579e-12 
24767.900391 1.05598948e-11 
24777.900391 6.65468186e-12 
24787.900391 5.33365522e-12 
24797.900391 6.02883367e-12 
24807.900391 6.85129754e-12 
24817.900391 5.68049021e-12 
24827.900391 4.90494534e-12 
24837.900391 4.22843528e-12 
24847.900391 3.40105410e-12 
24857.900391 3.71796652e-12 
24867.900391 2.56292928e-12 
24877.900391 3.21633575e-12 
24887.900391 2.86986511e-12 
24897.900391 2.96636940e-12 
24907.900391 2.60163763e-12 
24917.900391 1.97682911e-12 
24927.900391 1.66511473e-12 
24937.900391 1.60961514e-12 
24947.900391 1.81995951e-12 
24957.900391 1.27508354e-12 
24967.900391 1.37594889e-12 
24977.900391 1.23114132e-12 
24987.900391 1.32312927e-12 
24997.900391 9.32636498e-13 
25007.900391 6.88778510e-13 
25017.900391 7.97086021e-13 
25027.900391 7.93035053e-13 
25037.900391 6.61775467e-13 
25047.900391 4.28456848e-13 
25057.900391 4.90504084e-13 
25067.900391 5.24896725e-13 
25077.900391 5.55302534e-13 
25087.900391 3.71553654e-13 
25097.900391 3.54818877e-13 
25107.900391 3.66401901e-13 
25117.900391 3.42027323e-13 
25127.900391 3.26934460e-13 
25137.900391 3.84696517e-13 
25147.900391 3.43123225e-13 
25157.900391 2.88810611e-13 
25167.900391 2.07084927e-13 
25177.900391 2.36702010e-13 
25187.900391 2.42432221e-13 
25197.900391 2.19543813e-13 
25207.900391 1.77242909e-13 
25217.900391 1.60765663e-13 
25227.900391 1.57217396e-13 
25237.900391 1.44695802e-13 
25247.900391 1.53369411e-13 
25257.900391 1.39332154e-13 
25267.900391 9.85731852e-14 
25277.900391 1.04341866e-13 
25287.900391 9.71894023e-14 
25297.900391 1.07459379e-13 
25307.900391 8.34620243e-14 
25317.900391 1.04622582e-13 
25327.900391 8.50281537e-14 
25337.900391 7.93769172e-14 
25347.900391 5.70710805e-14 
25357.900391 7.02896649e-14 
25367.900391 6.56951832e-14 
25377.900391 6.83746892e-14 
25387.900391 5.08234976e-14 
25397.900391 3.91345989e-14 
25407.900391 6.15568477e-14 
25417.900391 4.61883861e-14 
25427.900391 2.32502748e-14 
25437.900391 1.84182375e-14 
25447.900391 3.88385973e-14 
25457.900391 3.42771389e-14 
25467.900391 3.10614874e-14 
25477.900391 2.72540139e-14 
25487.900391 2.40520669e-14 
25497.900391 2.41918172e-14 
25507.900391 1.73155747e-14 
25517.900391 2.10525903e-14 
25527.900391 1.40897060e-14 
25537.900391 1.56362892e-14 
25547.900391 1.18226740e-14 
25557.900391 1.26270956e-14 
25567.900391 1.11163620e-14 
25577.900391 1.25051842e-14 
25587.900391 1.09405377e-14 
25597.900391 7.86984296e-15 
25607.900391 6.70548102e-15 
25617.900391 8.12787598e-15 
25627.900391 8.42142861e-15 
25637.900391 6.23175441e-15 
25647.900391 5.63910848e-15 
25657.900391 5.36889640e-15 
25667.900391 6.13767918e-15 
25677.900391 3.47533824e-15 
25687.900391 3.92855484e-15 
25697.900391 3.96422792e-15 
25707.900391 2.18214421e-15 
25717.900391 2.67945950e-15 
25727.900391 2.61915079e-15 
25737.900391 1.89327102e-15 
25747.900391 1.84381775e-15 
25757.900391 2.07192809e-15 
25767.900391 2.52624071e-15 
25777.900391 1.22718521e-15 
25787.900391 1.24754921e-15 
25797.900391 1.03924714e-15 
25807.900391 1.51398133e-15 
25817.900391 4.32707265e-16 
25827.900391 7.13791584e-16 
25837.900391 5.01059052e-16 
25847.900391 8.11037368e-16 
25857.900391 5.66936919e-16 
25867.900391 9.48678903e-16 
25877.900391 1.99153536e-16 
25887.900391 6.12074349e-16 
25897.900391 4.88508941e-16 
25907.900391 4.95308878e-16 
25917.900391 3.63255835e-16 
25927.900391 2.11458221e-16 
25937.900391 3.57274340e-16 
25947.900391 3.37201412e-16 
25957.900391 2.86017321e-16 
25967.900391 1.98929166e-16 
25977.900391 2.13257759e-16 
