# WFC3_f098m
7005.0	4.6409157e-05
7010.0	4.644044e-05
7015.0	4.647173e-05
7020.0	4.6503017e-05
7025.0	4.6534384e-05
7030.0	4.656576e-05
7035.0	4.6597153e-05
7040.0	4.6628546e-05
7045.0	4.6659963e-05
7050.0	4.669138e-05
7055.0	4.6721358e-05
7060.0	4.6750414e-05
7065.0	4.6779485e-05
7070.0	4.6808538e-05
7075.0	4.6837627e-05
7080.0	4.6866713e-05
7085.0	4.68958e-05
7090.0	4.692488e-05
7095.0	4.6954003e-05
7100.0	4.698312e-05
7105.0	4.70137e-05
7110.0	4.7045192e-05
7115.0	4.707672e-05
7120.0	4.710823e-05
7125.0	4.713974e-05
7130.0	4.717125e-05
7135.0	4.7202786e-05
7140.0	4.723432e-05
7145.0	4.7265887e-05
7150.0	4.7297443e-05
7155.0	4.732991e-05
7160.0	4.736294e-05
7165.0	4.7396024e-05
7170.0	4.7429097e-05
7175.0	4.7462163e-05
7180.0	4.7495236e-05
7185.0	4.7528316e-05
7190.0	4.75614e-05
7195.0	4.7594494e-05
7200.0	4.762759e-05
7205.0	4.7659585e-05
7210.0	4.769081e-05
7215.0	4.7722075e-05
7220.0	4.7753325e-05
7225.0	4.7784622e-05
7230.0	4.7815898e-05
7235.0	4.784716e-05
7240.0	4.787841e-05
7245.0	4.7909693e-05
7250.0	4.7940972e-05
7255.0	4.7971705e-05
7260.0	4.8002057e-05
7265.0	4.8032427e-05
7270.0	4.8062797e-05
7275.0	4.8093214e-05
7280.0	4.812363e-05
7285.0	4.8154016e-05
7290.0	4.8184396e-05
7295.0	4.8214784e-05
7300.0	4.824517e-05
7305.0	4.8276157e-05
7310.0	4.830754e-05
7315.0	4.833899e-05
7320.0	4.8370428e-05
7325.0	4.8401904e-05
7330.0	4.8433372e-05
7335.0	4.8464877e-05
7340.0	4.849638e-05
7345.0	4.8527916e-05
7350.0	4.855945e-05
7355.0	4.8591548e-05
7360.0	4.862403e-05
7365.0	4.865656e-05
7370.0	4.868908e-05
7375.0	4.872162e-05
7380.0	4.8754155e-05
7385.0	4.878674e-05
7390.0	4.8819318e-05
7395.0	4.885194e-05
7400.0	4.8884558e-05
7405.0	4.8916645e-05
7410.0	4.8948332e-05
7415.0	4.8980055e-05
7420.0	4.901177e-05
7425.0	4.9043527e-05
7430.0	4.9075275e-05
7435.0	4.9107057e-05
7440.0	4.9138835e-05
7445.0	4.917064e-05
7450.0	4.920245e-05
7455.0	4.9233404e-05
7460.0	4.926374e-05
7465.0	4.9294056e-05
7470.0	4.9324353e-05
7475.0	4.9354632e-05
7480.0	4.93849e-05
7485.0	4.941528e-05
7490.0	4.9445665e-05
7495.0	4.9476275e-05
7500.0	4.9506885e-05
7505.0	4.953087e-05
7510.0	4.9555678e-05
7515.0	4.9580667e-05
7520.0	4.960567e-05
7525.0	4.963083e-05
7530.0	4.9655995e-05
7535.0	4.9681206e-05
7540.0	4.9706414e-05
7545.0	4.973167e-05
7550.0	4.975692e-05
7555.0	4.9781876e-05
7560.0	4.980663e-05
7565.0	4.983135e-05
7570.0	4.9856077e-05
7575.0	4.988081e-05
7580.0	4.9905553e-05
7585.0	4.9930284e-05
7590.0	4.9955015e-05
7595.0	4.9979746e-05
7600.0	5.0004466e-05
7605.0	5.0028317e-05
7610.0	5.0051538e-05
7615.0	5.0074756e-05
7620.0	5.0097973e-05
7625.0	5.012118e-05
7630.0	5.014438e-05
7635.0	5.0167582e-05
7640.0	5.0190774e-05
7645.0	5.021394e-05
7650.0	5.0237104e-05
7655.0	5.0262912e-05
7660.0	5.0290615e-05
7665.0	5.0318326e-05
7670.0	5.0346036e-05
7675.0	5.037375e-05
7680.0	5.040146e-05
7685.0	5.0429167e-05
7690.0	5.0456885e-05
7695.0	5.0484596e-05
7700.0	5.051231e-05
7705.0	5.0539147e-05
7710.0	5.0565348e-05
7715.0	5.0591538e-05
7720.0	5.0617728e-05
7725.0	5.064392e-05
7730.0	5.0670107e-05
7735.0	5.0696293e-05
7740.0	5.072249e-05
7745.0	5.0748677e-05
7750.0	5.0774863e-05
7755.0	5.079901e-05
7760.0	5.0821636e-05
7765.0	5.084425e-05
7770.0	5.086687e-05
7775.0	5.0889474e-05
7780.0	5.091208e-05
7785.0	5.0934672e-05
7790.0	5.0957267e-05
7795.0	5.0979863e-05
7800.0	5.1002455e-05
7805.0	5.10264e-05
7810.0	5.105136e-05
7815.0	5.1076306e-05
7820.0	5.1101233e-05
7825.0	5.1126197e-05
7830.0	5.1151146e-05
7835.0	5.11761e-05
7840.0	5.120105e-05
7845.0	5.1225987e-05
7850.0	5.1250936e-05
7855.0	5.1275878e-05
7860.0	5.1300816e-05
7865.0	5.132576e-05
7870.0	5.1350693e-05
7875.0	5.1375624e-05
7880.0	5.140055e-05
7885.0	5.142548e-05
7890.0	5.145041e-05
7895.0	5.1475326e-05
7900.0	5.150025e-05
7905.0	5.1525167e-05
7910.0	5.1550083e-05
7915.0	5.1575e-05
7920.0	5.1599913e-05
7925.0	5.1624826e-05
7930.0	5.164973e-05
7935.0	5.1674662e-05
7940.0	5.1699586e-05
7945.0	5.1724583e-05
7950.0	5.174959e-05
7955.0	5.1774176e-05
7960.0	5.179838e-05
7965.0	5.182258e-05
7970.0	5.184677e-05
7975.0	5.1871128e-05
7980.0	5.1895495e-05
7985.0	5.1920928e-05
7990.0	5.194636e-05
7995.0	5.1973955e-05
8000.0	5.200155e-05
8005.0	5.20118e-05
8010.0	5.2022056e-05
8015.0	5.2033938e-05
8020.0	5.204582e-05
8025.0	5.2058575e-05
8030.0	5.2071322e-05
8035.0	5.208448e-05
8040.0	5.2097643e-05
8045.0	5.211099e-05
8050.0	5.212434e-05
8055.0	5.2137737e-05
8060.0	5.215113e-05
8065.0	5.2164527e-05
8070.0	5.2177926e-05
8075.0	5.219135e-05
8080.0	5.220477e-05
8085.0	5.2218216e-05
8090.0	5.2231666e-05
8095.0	5.2245086e-05
8100.0	5.225851e-05
8105.0	5.2271957e-05
8110.0	5.228539e-05
8115.0	5.229882e-05
8120.0	5.231226e-05
8125.0	5.2325708e-05
8130.0	5.2339157e-05
8135.0	5.235261e-05
8140.0	5.2366056e-05
8145.0	5.2379488e-05
8150.0	5.2392916e-05
8155.0	5.240637e-05
8160.0	5.2419822e-05
8165.0	5.2433286e-05
8170.0	5.2446736e-05
8175.0	5.2460167e-05
8180.0	5.2473606e-05
8185.0	5.248706e-05
8190.0	5.2500516e-05
8195.0	5.251398e-05
8200.0	5.2527444e-05
8205.0	5.2540887e-05
8210.0	5.255432e-05
8215.0	5.2567786e-05
8220.0	5.258125e-05
8225.0	5.2594707e-05
8230.0	5.2608175e-05
8235.0	5.262162e-05
8240.0	5.2635063e-05
8245.0	5.264853e-05
8250.0	5.2661988e-05
8255.0	5.26769e-05
8260.0	5.269301e-05
8265.0	5.2709092e-05
8270.0	5.2725183e-05
8275.0	5.27413e-05
8280.0	5.2757416e-05
8285.0	5.2773536e-05
8290.0	5.2789645e-05
8295.0	5.2805743e-05
8300.0	5.2821844e-05
8305.0	5.283855e-05
8310.0	5.2855743e-05
8315.0	5.287292e-05
8320.0	5.2890107e-05
8325.0	5.2907282e-05
8330.0	5.2924457e-05
8335.0	5.294166e-05
8340.0	5.2958872e-05
8345.0	5.2976044e-05
8350.0	5.2993222e-05
8355.0	5.3009437e-05
8360.0	5.3024796e-05
8365.0	5.3040156e-05
8370.0	5.3055515e-05
8375.0	5.3070846e-05
8380.0	5.3086183e-05
8385.0	5.3101547e-05
8390.0	5.3116913e-05
8395.0	5.313228e-05
8400.0	5.3147647e-05
8405.0	5.3163025e-05
8410.0	5.31784e-05
8415.0	5.319375e-05
8420.0	5.3209107e-05
8425.0	5.3224485e-05
8430.0	5.323986e-05
8435.0	5.3255248e-05
8440.0	5.327063e-05
8445.0	5.3286007e-05
8450.0	5.330139e-05
8455.0	5.331609e-05
8460.0	5.3330168e-05
8465.0	5.334425e-05
8470.0	5.3358333e-05
8475.0	5.3372452e-05
8480.0	5.3386582e-05
8485.0	5.340088e-05
8490.0	5.3415177e-05
8495.0	5.3429816e-05
8500.0	5.3444463e-05
8505.0	5.3475527e-05
8510.0	5.3506603e-05
8515.0	5.3537995e-05
8520.0	5.35694e-05
8525.0	5.3600943e-05
8530.0	5.3632484e-05
8535.0	5.366408e-05
8540.0	5.3695687e-05
8545.0	5.3727334e-05
8550.0	5.3759e-05
8555.0	5.948531e-05
8560.0	7.026574e-05
8565.0	8.1058795e-05
8570.0	9.186452e-05
8575.0	0.00010268295
8580.0	0.000113514056
8585.0	0.00012435782
8590.0	0.00013521426
8595.0	0.00014608333
8600.0	0.00015696509
8605.0	0.00016643923
8610.0	0.00017465158
8615.0	0.00018287345
8620.0	0.00019110487
8625.0	0.00019934581
8630.0	0.00020759634
8635.0	0.00021585639
8640.0	0.00022412598
8645.0	0.00023240516
8650.0	0.00024069392
8655.0	0.00024899206
8660.0	0.0002572998
8665.0	0.0002656172
8670.0	0.00027394414
8675.0	0.00028228067
8680.0	0.0002906268
8685.0	0.00029898246
8690.0	0.0003073477
8695.0	0.0003157226
8700.0	0.00032410704
8705.0	0.0003325009
8710.0	0.0003409043
8715.0	0.0003493175
8720.0	0.00035774027
8725.0	0.00036617267
8730.0	0.00037461458
8735.0	0.0003830661
8740.0	0.00039152725
8745.0	0.00039999807
8750.0	0.00040847843
8755.0	0.00041696843
8760.0	0.000425468
8765.0	0.00043397705
8770.0	0.00044249574
8775.0	0.0004510242
8780.0	0.00045956232
8785.0	0.00046811003
8790.0	0.00047666742
8795.0	0.0004852344
8800.0	0.000493811
8805.0	0.00053238566
8810.0	0.0005990599
8815.0	0.00068017445
8820.0	0.00077485177
8825.0	0.0008982523
8830.0	0.00104869
8835.0	0.0012420795
8840.0	0.0014759948
8845.0	0.0017246424
8850.0	0.001987234
8855.0	0.0023243986
8860.0	0.0027321987
8865.0	0.003140466
8870.0	0.0035492014
8875.0	0.0041301628
8880.0	0.0048750076
8885.0	0.0057346905
8890.0	0.006703926
8895.0	0.007875401
8900.0	0.0092400955
8905.0	0.010970049
8910.0	0.013049765
8915.0	0.015590058
8920.0	0.018572433
8925.0	0.022301355
8930.0	0.026748506
8935.0	0.032203354
8940.0	0.03862995
8945.0	0.04650167
8950.0	0.055769127
8955.0	0.06709119
8960.0	0.08040224
8965.0	0.095891416
8970.0	0.11349417
8975.0	0.13382562
8980.0	0.1568109
8985.0	0.18215743
8990.0	0.20980415
8995.0	0.23911637
9000.0	0.27005515
9005.0	0.30175993
9010.0	0.33426997
9015.0	0.36562946
9020.0	0.3958603
9025.0	0.4235958
9030.0	0.44887853
9035.0	0.47130278
9040.0	0.49091297
9045.0	0.5071345
9050.0	0.5200119
9055.0	0.53016925
9060.0	0.5376358
9065.0	0.5428946
9070.0	0.54596376
9075.0	0.54789364
9080.0	0.54869074
9085.0	0.5490471
9090.0	0.5489634
9095.0	0.5486531
9100.0	0.5481148
9105.0	0.54754883
9110.0	0.5469537
9115.0	0.54646003
9120.0	0.5460658
9125.0	0.54537296
9130.0	0.544379
9135.0	0.5436283
9140.0	0.54312056
9145.0	0.5426422
9150.0	0.542192
9155.0	0.5417286
9160.0	0.54125035
9165.0	0.5410294
9170.0	0.5410675
9175.0	0.5410784
9180.0	0.5410602
9185.0	0.5413136
9190.0	0.5418418
9195.0	0.5422436
9200.0	0.54251516
9205.0	0.54337126
9210.0	0.5448231
9215.0	0.54622006
9220.0	0.5475599
9225.0	0.5489445
9230.0	0.5503737
9235.0	0.55189013
9240.0	0.5534954
9245.0	0.5546194
9250.0	0.5552468
9255.0	0.5559607
9260.0	0.55676305
9265.0	0.55746716
9270.0	0.5580689
9275.0	0.5586008
9280.0	0.5590593
9285.0	0.5594478
9290.0	0.5597627
9295.0	0.5599793
9300.0	0.56009245
9305.0	0.56022024
9310.0	0.5603628
9315.0	0.560662
9320.0	0.5611243
9325.0	0.5614029
9330.0	0.5614885
9335.0	0.5617587
9340.0	0.5622224
9345.0	0.56258756
9350.0	0.5628485
9355.0	0.56319475
9360.0	0.5636307
9365.0	0.56415236
9370.0	0.56476414
9375.0	0.5653761
9380.0	0.5659884
9385.0	0.56611997
9390.0	0.565741
9395.0	0.56558824
9400.0	0.565676
9405.0	0.5651552
9410.0	0.5639855
9415.0	0.5627863
9420.0	0.56155556
9425.0	0.5602391
9430.0	0.55883056
9435.0	0.5574206
9440.0	0.5560094
9445.0	0.55482274
9450.0	0.55387807
9455.0	0.5532569
9460.0	0.55298513
9465.0	0.552868
9470.0	0.55291826
9475.0	0.55339193
9480.0	0.554324
9485.0	0.55556655
9490.0	0.5571467
9495.0	0.5586711
9500.0	0.5601354
9505.0	0.5612603
9510.0	0.56206334
9515.0	0.56269693
9520.0	0.5631462
9525.0	0.5633135
9530.0	0.56317264
9535.0	0.5626788
9540.0	0.56179863
9545.0	0.56083256
9550.0	0.5597729
9555.0	0.5586133
9560.0	0.55734456
9565.0	0.5564257
9570.0	0.555894
9575.0	0.555417
9580.0	0.5550018
9585.0	0.5547681
9590.0	0.5547365
9595.0	0.55475986
9600.0	0.55484545
9605.0	0.55508447
9610.0	0.55549526
9615.0	0.5557649
9620.0	0.5558781
9625.0	0.555836
9630.0	0.55562156
9635.0	0.55534977
9640.0	0.55501485
9645.0	0.55462223
9650.0	0.55416644
9655.0	0.55384934
9660.0	0.5536895
9665.0	0.5536397
9670.0	0.553716
9675.0	0.5538748
9680.0	0.55412835
9685.0	0.5545342
9690.0	0.5551143
9695.0	0.5557073
9700.0	0.5563164
9705.0	0.55710566
9710.0	0.5581016
9715.0	0.5589152
9720.0	0.55952257
9725.0	0.5599194
9730.0	0.5600775
9735.0	0.560276
9740.0	0.5605223
9745.0	0.5605997
9750.0	0.5604854
9755.0	0.5605503
9760.0	0.56082296
9765.0	0.56103843
9770.0	0.56118983
9775.0	0.5617145
9780.0	0.5626728
9785.0	0.5637963
9790.0	0.56511307
9795.0	0.56655353
9800.0	0.5681397
9805.0	0.5699047
9810.0	0.5718798
9815.0	0.5737015
9820.0	0.5753466
9825.0	0.5767686
9830.0	0.57793254
9835.0	0.5789841
9840.0	0.5799066
9845.0	0.5806199
9850.0	0.58109015
9855.0	0.5813646
9860.0	0.58141166
9865.0	0.5813599
9870.0	0.5811942
9875.0	0.58092916
9880.0	0.5805501
9885.0	0.5802509
9890.0	0.5800495
9895.0	0.5797076
9900.0	0.5792021
9905.0	0.5788731
9910.0	0.5787566
9915.0	0.5783207
9920.0	0.5775078
9925.0	0.5768156
9930.0	0.5762707
9935.0	0.5755856
9940.0	0.5747358
9945.0	0.57371837
9950.0	0.5725029
9955.0	0.57129776
9960.0	0.57010865
9965.0	0.5689438
9970.0	0.5678115
9975.0	0.5668404
9980.0	0.5660673
9985.0	0.56540024
9990.0	0.5648653
9995.0	0.56466883
10000.0	0.56488645
10005.0	0.56526685
10010.0	0.56559765
10015.0	0.5660081
10020.0	0.56651837
10025.0	0.56709486
10030.0	0.5677553
10035.0	0.5679768
10040.0	0.5676636
10045.0	0.56714237
10050.0	0.56636953
10055.0	0.56534785
10060.0	0.5640243
10065.0	0.5623962
10070.0	0.5603953
10075.0	0.5581579
10080.0	0.5556319
10085.0	0.5532524
10090.0	0.55105704
10095.0	0.54931945
10100.0	0.5481542
10105.0	0.5469854
10110.0	0.5458152
10115.0	0.5451196
10120.0	0.5450167
10125.0	0.54540324
10130.0	0.54640055
10135.0	0.54756045
10140.0	0.5489263
10145.0	0.55046844
10150.0	0.55223393
10155.0	0.5539033
10160.0	0.5554537
10165.0	0.55681366
10170.0	0.5579351
10175.0	0.5585792
10180.0	0.5586224
10185.0	0.5583918
10190.0	0.5578168
10195.0	0.556763
10200.0	0.5551065
10205.0	0.5532557
10210.0	0.55115986
10215.0	0.54919666
10220.0	0.54740447
10225.0	0.54594886
10230.0	0.54492474
10235.0	0.54429317
10240.0	0.54416376
10245.0	0.5445752
10250.0	0.545683
10255.0	0.5475643
10260.0	0.5504406
10265.0	0.5535472
10270.0	0.55695105
10275.0	0.5607773
10280.0	0.5651519
10285.0	0.56942034
10290.0	0.57355195
10295.0	0.5775635
10300.0	0.5814203
10305.0	0.5849248
10310.0	0.58797383
10315.0	0.5906329
10320.0	0.5927839
10325.0	0.59433955
10330.0	0.5951193
10335.0	0.59574926
10340.0	0.5961851
10345.0	0.5962273
10350.0	0.59575677
10355.0	0.5953516
10360.0	0.5950343
10365.0	0.5946748
10370.0	0.5942615
10375.0	0.5941712
10380.0	0.5945077
10385.0	0.59493816
10390.0	0.59549314
10395.0	0.596007
10400.0	0.5964675
10405.0	0.59721076
10410.0	0.59833026
10415.0	0.5991658
10420.0	0.5996255
10425.0	0.5998423
10430.0	0.5997353
10435.0	0.5995061
10440.0	0.59911436
10445.0	0.5984788
10450.0	0.5975182
10455.0	0.5963001
10460.0	0.59473914
10465.0	0.5928932
10470.0	0.5906643
10475.0	0.58855397
10480.0	0.5866049
10485.0	0.5843977
10490.0	0.58184385
10495.0	0.5793019
10500.0	0.5767776
10505.0	0.57404417
10510.0	0.5713457
10515.0	0.56886154
10520.0	0.56666887
10525.0	0.56486464
10530.0	0.56358874
10535.0	0.5627283
10540.0	0.56243277
10545.0	0.56265694
10550.0	0.5635938
10555.0	0.56473035
10560.0	0.566141
10565.0	0.56783074
10570.0	0.5699028
10575.0	0.572015
10580.0	0.5741834
10585.0	0.5762985
10590.0	0.57834
10595.0	0.5802617
10600.0	0.5820183
10605.0	0.5830576
10610.0	0.58310646
10615.0	0.58261335
10620.0	0.58136594
10625.0	0.57927287
10630.0	0.5760024
10635.0	0.571506
10640.0	0.5653022
10645.0	0.5573341
10650.0	0.5468895
10655.0	0.534105
10660.0	0.5180357
10665.0	0.49944285
10670.0	0.47730732
10675.0	0.4531723
10680.0	0.42623028
10685.0	0.39827108
10690.0	0.36887226
10695.0	0.33934423
10700.0	0.3096325
10705.0	0.28070733
10710.0	0.25289446
10715.0	0.22688584
10720.0	0.20342961
10725.0	0.18133077
10730.0	0.16116913
10735.0	0.14259619
10740.0	0.1262908
10745.0	0.11099387
10750.0	0.09713616
10755.0	0.084478065
10760.0	0.073546015
10765.0	0.06348607
10770.0	0.054680947
10775.0	0.04675164
10780.0	0.040082578
10785.0	0.03407499
10790.0	0.029019175
10795.0	0.024607215
10800.0	0.02112927
10805.0	0.018090904
10810.0	0.015690228
10815.0	0.013508721
10820.0	0.011645133
10825.0	0.010039823
10830.0	0.008809193
10835.0	0.0077320053
10840.0	0.0068792203
10845.0	0.0061298246
10850.0	0.005531627
10855.0	0.0049583293
10860.0	0.004421434
10865.0	0.0039745793
10870.0	0.0036594109
10875.0	0.003395007
10880.0	0.0032055087
10885.0	0.0029651308
10890.0	0.0026496588
10895.0	0.0024361229
10900.0	0.0023730118
10905.0	0.0022261157
10910.0	0.0019545574
10915.0	0.0017464629
10920.0	0.0016327851
10925.0	0.0015065471
10930.0	0.0013616167
10935.0	0.0012039408
10940.0	0.001027298
10945.0	0.00088847685
10950.0	0.0008063848
10955.0	0.00072683225
10960.0	0.0006510875
10965.0	0.0005753568
10970.0	0.0004996447
10975.0	0.00042396257
10980.0	0.00034832425
10985.0	0.00028522435
10990.0	0.00024108542
10995.0	0.000222046
11000.0	0.00024097925
11005.0	0.00022726574
11010.0	0.0001641567
11015.0	0.00012527134
11020.0	0.00012302193
11025.0	0.00012077244
11030.0	0.00011852285
11035.0	0.00011627315
11040.0	0.00011402334
11045.0	0.00011177345
11050.0	0.00010952345
11055.0	0.00010727334
11060.0	0.000105023144
11065.0	0.00010277285
11070.0	0.00010052245
11075.0	9.827195e-05
11080.0	9.6021344e-05
11085.0	9.377065e-05
11090.0	9.1519854e-05
11095.0	8.926896e-05
11100.0	8.701796e-05
11105.0	8.476686e-05
11110.0	8.251566e-05
11115.0	8.026437e-05
11120.0	7.801298e-05
11125.0	7.5761476e-05
11130.0	7.350987e-05
11135.0	7.125818e-05
11140.0	6.900639e-05
11145.0	6.675449e-05
11150.0	6.450249e-05
11155.0	6.559054e-05
11160.0	7.190221e-05
11165.0	7.821416e-05
11170.0	8.452639e-05
11175.0	9.08389e-05
11180.0	9.7151686e-05
11185.0	0.00010346474
11190.0	0.0001097781
11195.0	0.00011609172
11200.0	0.00012240563
11205.0	0.00012871981
11210.0	0.0001350343
11215.0	0.00014134902
11220.0	0.00014766405
11225.0	0.00015397936
11230.0	0.00016029495
11235.0	0.00016661081
11240.0	0.00017292693
11245.0	0.00017924338
11250.0	0.00018556007
11255.0	0.0001892667
11260.0	0.00018878574
11265.0	0.00018830472
11270.0	0.00018782371
11275.0	0.00018734265
11280.0	0.00018686162
11285.0	0.00018638054
11290.0	0.00018589941
11295.0	0.0001854183
11300.0	0.00018493713
11305.0	0.00018445597
11310.0	0.00018397477
11315.0	0.00018349357
11320.0	0.00018301234
11325.0	0.00018253106
11330.0	0.00018204979
11335.0	0.00018156848
11340.0	0.00018108716
11345.0	0.00018060583
11350.0	0.00018012447
11355.0	0.00017964309
11360.0	0.00017916165
11365.0	0.00017868023
11370.0	0.00017819878
11375.0	0.00017771732
11380.0	0.00017723584
11385.0	0.00017675431
11390.0	0.00017627278
11395.0	0.00017579121
11400.0	0.00017530963
11405.0	0.00017482805
11410.0	0.00017434641
11415.0	0.00017386477
11420.0	0.0001733831
11425.0	0.00017290142
11430.0	0.0001724197
11435.0	0.00017193798
11440.0	0.00017145624
11445.0	0.00017097445
11450.0	0.00017049267
11455.0	0.00017001083
11460.0	0.00016952903
11465.0	0.00016904714
11470.0	0.00016856527
11475.0	0.00016808338
11480.0	0.00016760145
11485.0	0.0001671195
11490.0	0.00016663753
11495.0	0.00016615556
11500.0	0.00016567355
11505.0	0.00016518713
11510.0	0.00016470072
11515.0	0.00016421432
11520.0	0.00016372792
11525.0	0.00016324152
11530.0	0.00016275512
11535.0	0.00016226876
11540.0	0.00016178236
11545.0	0.00016129597
11550.0	0.00016080959
11555.0	0.00016032322
11560.0	0.00015983685
11565.0	0.0001593505
11570.0	0.00015886416
11575.0	0.00015837778
11580.0	0.00015789145
11585.0	0.00015740508
11590.0	0.00015691876
11595.0	0.0001564324
11600.0	0.0001559461
11605.0	0.00015545977
11610.0	0.00015497343
11615.0	0.00015448712
11620.0	0.00015400081
11625.0	0.00015351448
11630.0	0.00015302819
11635.0	0.00015254188
11640.0	0.00015205558
11645.0	0.0001515693
11650.0	0.000151083
11655.0	0.00015059672
11660.0	0.00015011044
11665.0	0.00014962416
11670.0	0.0001491379
11675.0	0.00014865163
11680.0	0.00014816536
11685.0	0.00014767911
11690.0	0.00014719286
11695.0	0.0001467066
11700.0	0.00014622037
11705.0	0.00014573411
11710.0	0.00014524788
11715.0	0.00014476164
11720.0	0.00014427541
11725.0	0.00014378918
11730.0	0.00014330297
11735.0	0.00014281676
11740.0	0.00014233055
11745.0	0.00014184434
11750.0	0.00014135813
11755.0	0.00014087194
11760.0	0.00014038573
11765.0	0.00013989955
11770.0	0.00013941337
11775.0	0.0001389272
11780.0	0.00013844101
11785.0	0.00013795483
11790.0	0.00013746867
11795.0	0.00013698249
11800.0	0.00013649634
11805.0	0.00013601019
11810.0	0.00013552404
11815.0	0.00013503789
11820.0	0.00013455174
11825.0	0.0001340656
11830.0	0.00013357947
11835.0	0.00013309334
11840.0	0.00013260722
11845.0	0.0001321211
11850.0	0.00013163498
11855.0	0.00013114887
11860.0	0.00013066275
11865.0	0.00013017665
11870.0	0.00012969055
11875.0	0.00012920446
11880.0	0.00012871837
11885.0	0.00012823226
11890.0	0.00012774619
11895.0	0.00012726011
11900.0	0.00012677404
11905.0	0.00012645696
11910.0	0.0001264564
11915.0	0.00012645584
11920.0	0.00012645527
11925.0	0.00012645472
11930.0	0.00012645415
11935.0	0.0001264536
11940.0	0.00012645304
11945.0	0.00012645248
11950.0	0.00012645192
11955.0	0.00012426297
11960.0	0.000117939344
11965.0	0.000111615765
11970.0	0.00010529225
11975.0	9.896879e-05
11980.0	9.264539e-05
11985.0	8.632204e-05
11990.0	7.999875e-05
11995.0	7.367551e-05
12000.0	6.7352325e-05
12005.0	6.320517e-05
12010.0	6.320614e-05
12015.0	6.320712e-05
12020.0	6.320811e-05
12025.0	6.3209074e-05
12030.0	6.321006e-05
12035.0	6.321104e-05
12040.0	6.321202e-05
12045.0	6.321299e-05
12050.0	6.321398e-05
12055.0	6.321495e-05
12060.0	6.321593e-05
12065.0	6.321691e-05
12070.0	6.321789e-05
12075.0	6.321887e-05
12080.0	6.321984e-05
12085.0	6.3220825e-05
12090.0	6.322181e-05
12095.0	6.322278e-05
12100.0	6.3223764e-05
12105.0	6.322474e-05
12110.0	6.3225714e-05
12115.0	6.32267e-05
12120.0	6.322768e-05
12125.0	6.3228654e-05
12130.0	6.3229636e-05
12135.0	6.323061e-05
12140.0	6.323159e-05
12145.0	6.323257e-05
12150.0	6.323355e-05
12155.0	6.3234525e-05
12160.0	6.323551e-05
12165.0	6.323648e-05
12170.0	6.3237465e-05
12175.0	6.323845e-05
12180.0	6.323942e-05
12185.0	6.32404e-05
12190.0	6.324138e-05
12195.0	6.3242354e-05
12200.0	6.324334e-05
12205.0	6.324432e-05
12210.0	6.3245294e-05
12215.0	6.324627e-05
12220.0	6.324725e-05
12225.0	6.3248226e-05
12230.0	6.324921e-05
12235.0	6.325019e-05
12240.0	6.3251166e-05
12245.0	6.325214e-05
12250.0	6.325312e-05
12255.0	6.3254105e-05
12260.0	6.325508e-05
12265.0	6.325606e-05
12270.0	6.325704e-05
12275.0	6.325802e-05
12280.0	6.3258994e-05
12285.0	6.325998e-05
12290.0	6.326095e-05
12295.0	6.326193e-05
12300.0	6.326291e-05
12305.0	6.326389e-05
12310.0	6.3264866e-05
12315.0	6.326585e-05
12320.0	6.326682e-05
12325.0	6.32678e-05
12330.0	6.326878e-05
12335.0	6.326976e-05
12340.0	6.327074e-05
12345.0	6.327172e-05
12350.0	6.3272695e-05
12355.0	6.327368e-05
12360.0	6.327465e-05
12365.0	6.3275635e-05
12370.0	6.327661e-05
12375.0	6.327759e-05
12380.0	6.327857e-05
12385.0	6.327955e-05
12390.0	6.328053e-05
12395.0	6.3281506e-05
12400.0	6.328248e-05
12405.0	6.328346e-05
12410.0	6.328444e-05
12415.0	6.328542e-05
12420.0	6.32864e-05
12425.0	6.328738e-05
12430.0	6.328835e-05
12435.0	6.3289335e-05
12440.0	6.329032e-05
12445.0	6.329129e-05
12450.0	6.3292275e-05
12455.0	6.329326e-05
12460.0	6.3294225e-05
12465.0	6.329521e-05
12470.0	6.329619e-05
12475.0	6.329717e-05
12480.0	6.329814e-05
12485.0	6.329913e-05
12490.0	6.3300104e-05
12495.0	6.330108e-05
12500.0	6.330206e-05
12505.0	6.329591e-05
12510.0	6.328976e-05
12515.0	6.328361e-05
12520.0	6.327745e-05
12525.0	6.32713e-05
12530.0	6.326515e-05
12535.0	6.3258994e-05
12540.0	6.325284e-05
12545.0	6.324669e-05
12550.0	6.324054e-05
12555.0	6.323439e-05
12560.0	6.322823e-05
12565.0	6.322208e-05
12570.0	6.3215935e-05
12575.0	6.320978e-05
12580.0	6.3203624e-05
12585.0	6.3197476e-05
12590.0	6.319133e-05
12595.0	6.318517e-05
12600.0	6.317902e-05
12605.0	6.317287e-05
12610.0	6.316672e-05
12615.0	6.3160565e-05
12620.0	6.315441e-05
12625.0	6.314826e-05
12630.0	6.314211e-05
12635.0	6.313596e-05
12640.0	6.312981e-05
12645.0	6.3123654e-05
12650.0	6.31175e-05
12655.0	6.311135e-05
12660.0	6.3105195e-05
12665.0	6.309904e-05
12670.0	6.309289e-05
12675.0	6.308674e-05
12680.0	6.308059e-05
12685.0	6.307443e-05
12690.0	6.3068284e-05
12695.0	6.3062136e-05
12700.0	6.305598e-05
12705.0	6.304983e-05
12710.0	6.304368e-05
12715.0	6.303753e-05
12720.0	6.303137e-05
12725.0	6.3025225e-05
12730.0	6.301907e-05
12735.0	6.301292e-05
12740.0	6.3006766e-05
12745.0	6.300062e-05
12750.0	6.299447e-05
12755.0	6.2988314e-05
12760.0	6.298216e-05
12765.0	6.297601e-05
12770.0	6.2969855e-05
12775.0	6.29637e-05
12780.0	6.295755e-05
12785.0	6.2951396e-05
12790.0	6.294525e-05
12795.0	6.293909e-05
12800.0	6.293294e-05
12805.0	6.292679e-05
12810.0	6.292064e-05
12815.0	6.291449e-05
12820.0	6.290833e-05
12825.0	6.290218e-05
12830.0	6.289603e-05
12835.0	6.2889885e-05
12840.0	6.288372e-05
12845.0	6.2877574e-05
12850.0	6.2871426e-05
12855.0	6.286528e-05
12860.0	6.2859115e-05
12865.0	6.285297e-05
12870.0	6.284682e-05
12875.0	6.284067e-05
12880.0	6.2834515e-05
12885.0	6.282836e-05
12890.0	6.282221e-05
12895.0	6.2816056e-05
12900.0	6.28099e-05
12905.0	6.280375e-05
12910.0	6.27976e-05
12915.0	6.279145e-05
12920.0	6.278529e-05
12925.0	6.277914e-05
12930.0	6.277299e-05
12935.0	6.276684e-05
12940.0	6.2760686e-05
12945.0	6.275454e-05
12950.0	6.274838e-05
12955.0	6.2742234e-05
12960.0	6.273608e-05
12965.0	6.272993e-05
12970.0	6.2723775e-05
12975.0	6.271763e-05
12980.0	6.271147e-05
12985.0	6.270532e-05
12990.0	6.269917e-05
12995.0	6.269302e-05
13000.0	6.2686864e-05
13005.0	6.268828e-05
13010.0	6.268977e-05
13015.0	6.269124e-05
13020.0	6.2692714e-05
13025.0	6.269419e-05
13030.0	6.2695675e-05
13035.0	6.2697145e-05
13040.0	6.2698615e-05
13045.0	6.27001e-05
13050.0	6.2701576e-05
13055.0	6.270305e-05
13060.0	6.270453e-05
13065.0	6.270601e-05
13070.0	6.270748e-05
13075.0	6.270896e-05
13080.0	6.271044e-05
13085.0	6.2711915e-05
13090.0	6.2713385e-05
13095.0	6.271486e-05
13100.0	6.271634e-05
13105.0	6.271782e-05
13110.0	6.27193e-05
13115.0	6.272077e-05
13120.0	6.272225e-05
13125.0	6.2723724e-05
13130.0	6.27252e-05
13135.0	6.2726685e-05
13140.0	6.2728155e-05
13145.0	6.272963e-05
13150.0	6.27311e-05
13155.0	6.2732586e-05
13160.0	6.273406e-05
13165.0	6.273554e-05
13170.0	6.273702e-05
13175.0	6.2738494e-05
13180.0	6.2739964e-05
13185.0	6.274145e-05
13190.0	6.2742925e-05
13195.0	6.2744395e-05
13200.0	6.274587e-05
13205.0	6.274735e-05
13210.0	6.2748826e-05
13215.0	6.275031e-05
13220.0	6.275179e-05
13225.0	6.275326e-05
13230.0	6.2754734e-05
13235.0	6.275621e-05
13240.0	6.275769e-05
13245.0	6.275917e-05
13250.0	6.276065e-05
13255.0	6.276212e-05
13260.0	6.2763596e-05
13265.0	6.276507e-05
13270.0	6.276655e-05
13275.0	6.276803e-05
13280.0	6.2769504e-05
13285.0	6.277098e-05
13290.0	6.277245e-05
13295.0	6.277394e-05
13300.0	6.277541e-05
13305.0	6.277689e-05
13310.0	6.277837e-05
13315.0	6.277984e-05
13320.0	6.278131e-05
13325.0	6.27828e-05
13330.0	6.2784275e-05
13335.0	6.278575e-05
13340.0	6.278723e-05
13345.0	6.27887e-05
13350.0	6.279018e-05
13355.0	6.279166e-05
13360.0	6.279314e-05
13365.0	6.279461e-05
13370.0	6.279609e-05
13375.0	6.279757e-05
13380.0	6.279904e-05
13385.0	6.280052e-05
13390.0	6.2802e-05
13395.0	6.280347e-05
13400.0	6.2804946e-05
13405.0	6.280643e-05
13410.0	6.28079e-05
13415.0	6.280938e-05
13420.0	6.281086e-05
13425.0	6.281233e-05
13430.0	6.281381e-05
13435.0	6.281529e-05
13440.0	6.281676e-05
13445.0	6.281824e-05
13450.0	6.2819716e-05
13455.0	6.282119e-05
13460.0	6.282267e-05
13465.0	6.2824154e-05
13470.0	6.2825624e-05
13475.0	6.28271e-05
13480.0	6.282858e-05
13485.0	6.2830055e-05
13490.0	6.2831525e-05
13495.0	6.2833016e-05
13500.0	6.2834486e-05
13505.0	6.283184e-05
13510.0	6.282918e-05
13515.0	6.282654e-05
13520.0	6.28239e-05
13525.0	6.282125e-05
13530.0	6.2818595e-05
13535.0	6.281595e-05
13540.0	6.28133e-05
13545.0	6.281065e-05
13550.0	6.280801e-05
13555.0	6.280536e-05
13560.0	6.2802705e-05
13565.0	6.2800056e-05
13570.0	6.279741e-05
13575.0	6.279476e-05
13580.0	6.279212e-05
13585.0	6.278947e-05
13590.0	6.2786814e-05
13595.0	6.2784165e-05
13600.0	6.278152e-05
13605.0	6.277887e-05
13610.0	6.277623e-05
13615.0	6.277358e-05
13620.0	6.277092e-05
13625.0	6.2768275e-05
13630.0	6.2765626e-05
13635.0	6.2762985e-05
13640.0	6.276034e-05
13645.0	6.275769e-05
13650.0	6.275503e-05
13655.0	6.275239e-05
13660.0	6.274974e-05
13665.0	6.274709e-05
13670.0	6.2744446e-05
13675.0	6.27418e-05
13680.0	6.273915e-05
13685.0	6.27365e-05
13690.0	6.2733845e-05
13695.0	6.27312e-05
13700.0	6.2728555e-05
13705.0	6.272591e-05
13710.0	6.272325e-05
13715.0	6.27206e-05
13720.0	6.2717954e-05
13725.0	6.2715306e-05
13730.0	6.2712665e-05
13735.0	6.2710016e-05
13740.0	6.270736e-05
13745.0	6.270471e-05
13750.0	6.270206e-05
13755.0	6.269942e-05
13760.0	6.2696774e-05
13765.0	6.2694126e-05
13770.0	6.269147e-05
13775.0	6.268883e-05
13780.0	6.268617e-05
13785.0	6.268353e-05
13790.0	6.268088e-05
13795.0	6.2678235e-05
13800.0	6.267558e-05
13805.0	6.267293e-05
13810.0	6.267028e-05
13815.0	6.266764e-05
13820.0	6.2664985e-05
13825.0	6.2662344e-05
13830.0	6.265969e-05
13835.0	6.265704e-05
13840.0	6.265439e-05
13845.0	6.265174e-05
13850.0	6.26491e-05
13855.0	6.264645e-05
13860.0	6.26438e-05
13865.0	6.264115e-05
13870.0	6.26385e-05
13875.0	6.263585e-05
13880.0	6.2633204e-05
13885.0	6.2630555e-05
13890.0	6.262791e-05
13895.0	6.262526e-05
13900.0	6.26226e-05
13905.0	6.261996e-05
13910.0	6.261731e-05
13915.0	6.2614665e-05
13920.0	6.2612016e-05
13925.0	6.260937e-05
13930.0	6.260671e-05
13935.0	6.2604064e-05
13940.0	6.2601415e-05
13945.0	6.2598774e-05
13950.0	6.2596126e-05
13955.0	6.259347e-05
13960.0	6.259082e-05
13965.0	6.258818e-05
13970.0	6.2585525e-05
13975.0	6.2582876e-05
13980.0	6.258023e-05
13985.0	6.257758e-05
13990.0	6.257493e-05
13995.0	6.257228e-05
14000.0	6.2569634e-05
14005.0	6.256272e-05
14010.0	6.25558e-05
14015.0	6.254889e-05
14020.0	6.254198e-05
14025.0	6.253506e-05
14030.0	6.252815e-05
14035.0	6.252123e-05
14040.0	6.2514315e-05
14045.0	6.2507395e-05
14050.0	6.250049e-05
14055.0	6.249357e-05
14060.0	6.248666e-05
14065.0	6.247975e-05
14070.0	6.247283e-05
14075.0	6.2465915e-05
14080.0	6.2459e-05
14085.0	6.245209e-05
14090.0	6.244517e-05
14095.0	6.243825e-05
14100.0	6.243134e-05
14105.0	6.242442e-05
14110.0	6.2417515e-05
14115.0	6.2410596e-05
14120.0	6.2403684e-05
14125.0	6.2396764e-05
14130.0	6.238985e-05
14135.0	6.238293e-05
14140.0	6.237602e-05
14145.0	6.236911e-05
14150.0	6.236219e-05
14155.0	6.235528e-05
14160.0	6.2348365e-05
14165.0	6.2341445e-05
14170.0	6.233453e-05
14175.0	6.2327614e-05
14180.0	6.23207e-05
14185.0	6.231378e-05
14190.0	6.230687e-05
14195.0	6.229996e-05
14200.0	6.229304e-05
14205.0	6.2684565e-05
14210.0	6.445597e-05
14215.0	6.622698e-05
14220.0	6.79976e-05
14225.0	6.9767804e-05
14230.0	7.153762e-05
14235.0	7.330703e-05
14240.0	7.507604e-05
14245.0	7.6844655e-05
14250.0	7.861287e-05
14255.0	8.038068e-05
14260.0	8.21481e-05
14265.0	8.391512e-05
14270.0	8.5681735e-05
14275.0	8.744796e-05
14280.0	8.921377e-05
14285.0	9.097919e-05
14290.0	9.274421e-05
14295.0	9.450883e-05
14300.0	9.627305e-05
14305.0	9.803687e-05
14310.0	9.9800294e-05
14315.0	0.00010156332
14320.0	0.00010332593
14325.0	0.00010508816
14330.0	0.00010684999
14335.0	0.00010861141
14340.0	0.00011037243
14345.0	0.000112133064
14350.0	0.00011389329
14355.0	0.000115653114
14360.0	0.00011741255
14365.0	0.00011917157
14370.0	0.000120930206
14375.0	0.00012268843
14380.0	0.00012444626
14385.0	0.0001262037
14390.0	0.00012796072
14395.0	0.00012971736
14400.0	0.00013147359
14405.0	0.00013322942
14410.0	0.00013498486
14415.0	0.0001367399
14420.0	0.00013849454
14425.0	0.00014024875
14430.0	0.0001420026
14435.0	0.00014375603
14440.0	0.00014550907
14445.0	0.00014726172
14450.0	0.00014901394
14455.0	0.0001507658
14460.0	0.00015251723
14465.0	0.00015426826
14470.0	0.00015601891
14475.0	0.00015776914
14480.0	0.000159519
14485.0	0.00016126844
14490.0	0.00016301748
14495.0	0.00016476611
14500.0	0.00016651436
14505.0	0.00016830159
14510.0	0.00017008923
14515.0	0.0001718773
14520.0	0.0001736658
14525.0	0.00017545473
14530.0	0.00017724407
14535.0	0.00017903384
14540.0	0.00018082405
14545.0	0.0001826147
14550.0	0.00018440576
14555.0	0.0001854157
14560.0	0.00018337421
14565.0	0.00018133225
14570.0	0.00017928978
14575.0	0.0001772468
14580.0	0.00017520333
14585.0	0.00017315935
14590.0	0.00017111488
14595.0	0.0001690699
14600.0	0.00016702444
14605.0	0.00016497847
14610.0	0.00016293202
14615.0	0.00016088504
14620.0	0.00015883757
14625.0	0.00015678961
14630.0	0.00015474117
14635.0	0.00015269221
14640.0	0.00015064275
14645.0	0.0001485928
14650.0	0.00014654236
14655.0	0.00014449141
14660.0	0.00014243994
14665.0	0.00014038799
14670.0	0.00013833556
14675.0	0.0001362826
14680.0	0.00013422915
14685.0	0.00013217522
14690.0	0.00013012078
14695.0	0.00012806585
14700.0	0.0001260104
14705.0	0.00012424983
14710.0	0.00012369982
14715.0	0.00012314967
14720.0	0.00012259938
14725.0	0.000122048965
14730.0	0.00012149841
14735.0	0.00012094772
14740.0	0.000120396886
14745.0	0.00011984592
14750.0	0.00011929483
14755.0	0.00011874359
14760.0	0.00011819223
14765.0	0.00011764072
14770.0	0.000117089076
14775.0	0.0001165373
14780.0	0.00011598539
14785.0	0.000115433344
14790.0	0.00011488115
14795.0	0.00011432884
14800.0	0.00011377638
14805.0	0.000113223774
14810.0	0.00011267104
14815.0	0.000112118185
14820.0	0.00011156518
14825.0	0.000111012036
14830.0	0.00011045877
14835.0	0.000109905355
14840.0	0.000109351815
14845.0	0.00010879812
14850.0	0.00010824431
14855.0	0.00010769035
14860.0	0.000107136264
14865.0	0.00010658204
14870.0	0.00010602768
14875.0	0.000105473184
14880.0	0.000104918545
14885.0	0.00010436379
14890.0	0.00010380887
14895.0	0.000103253835
14900.0	0.00010269866
14905.0	0.00010214334
14910.0	0.000101587895
14915.0	0.00010103232
14920.0	0.000100476595
14925.0	9.992074e-05
14930.0	9.936473e-05
14935.0	9.880861e-05
14940.0	9.825235e-05
14945.0	9.769595e-05
14950.0	9.71394e-05
14955.0	9.6582735e-05
14960.0	9.602593e-05
14965.0	9.546898e-05
14970.0	9.49119e-05
14975.0	9.435468e-05
14980.0	9.379733e-05
14985.0	9.323984e-05
14990.0	9.268221e-05
14995.0	9.212445e-05
15000.0	9.156656e-05
15005.0	9.0988404e-05
15010.0	9.0410365e-05
15015.0	8.983244e-05
15020.0	8.9254645e-05
15025.0	8.867695e-05
15030.0	8.809938e-05
15035.0	8.752192e-05
15040.0	8.694459e-05
15045.0	8.6367356e-05
15050.0	8.579024e-05
15055.0	8.521324e-05
15060.0	8.463637e-05
15065.0	8.40596e-05
15070.0	8.348295e-05
15075.0	8.2906416e-05
15080.0	8.233e-05
15085.0	8.175369e-05
15090.0	8.117751e-05
15095.0	8.0601436e-05
15100.0	8.0025486e-05
15105.0	7.944964e-05
15110.0	7.887391e-05
15115.0	7.8298304e-05
15120.0	7.772281e-05
15125.0	7.714743e-05
15130.0	7.657217e-05
15135.0	7.599703e-05
15140.0	7.5421995e-05
15145.0	7.484708e-05
15150.0	7.427228e-05
15155.0	7.36976e-05
15160.0	7.3123025e-05
15165.0	7.254857e-05
15170.0	7.197424e-05
15175.0	7.140002e-05
15180.0	7.082591e-05
15185.0	7.025192e-05
15190.0	6.967805e-05
15195.0	6.9104295e-05
15200.0	6.8530644e-05
15205.0	6.7957124e-05
15210.0	6.7383706e-05
15215.0	6.681041e-05
15220.0	6.6237226e-05
15225.0	6.566417e-05
15230.0	6.509121e-05
15235.0	6.451838e-05
15240.0	6.3945656e-05
15245.0	6.337306e-05
15250.0	6.280057e-05
15255.0	6.2321946e-05
15260.0	6.231434e-05
15265.0	6.230673e-05
15270.0	6.2299114e-05
15275.0	6.22915e-05
15280.0	6.228389e-05
15285.0	6.227628e-05
15290.0	6.226867e-05
15295.0	6.226106e-05
15300.0	6.225345e-05
15305.0	6.224584e-05
15310.0	6.2238236e-05
15315.0	6.223062e-05
15320.0	6.2223015e-05
15325.0	6.2215404e-05
15330.0	6.22078e-05
15335.0	6.220018e-05
15340.0	6.219258e-05
15345.0	6.218497e-05
15350.0	6.217736e-05
15355.0	6.2169966e-05
15360.0	6.216369e-05
15365.0	6.215739e-05
15370.0	6.2151106e-05
15375.0	6.214483e-05
15380.0	6.213854e-05
15385.0	6.2132254e-05
15390.0	6.212596e-05
15395.0	6.211968e-05
15400.0	6.2113395e-05
15405.0	6.210711e-05
15410.0	6.210082e-05
15415.0	6.2094536e-05
15420.0	6.208825e-05
15425.0	6.208196e-05
15430.0	6.2075684e-05
15435.0	6.206939e-05
15440.0	6.20631e-05
15445.0	6.2056824e-05
15450.0	6.205054e-05
15455.0	6.2044244e-05
15460.0	6.2037965e-05
15465.0	6.203168e-05
15470.0	6.2025385e-05
15475.0	6.2019106e-05
15480.0	6.201282e-05
15485.0	6.200653e-05
15490.0	6.200025e-05
15495.0	6.199396e-05
15500.0	6.1987674e-05
15505.0	6.1989704e-05
15510.0	6.199174e-05
15515.0	6.199378e-05
15520.0	6.1995815e-05
15525.0	6.199785e-05
15530.0	6.199988e-05
15535.0	6.200192e-05
15540.0	6.2003965e-05
15545.0	6.2005995e-05
15550.0	6.2008025e-05
15555.0	6.201006e-05
15560.0	6.20121e-05
15565.0	6.201413e-05
15570.0	6.201617e-05
15575.0	6.201821e-05
15580.0	6.202024e-05
15585.0	6.2022285e-05
15590.0	6.2024315e-05
15595.0	6.2026345e-05
15600.0	6.202839e-05
15605.0	6.203042e-05
15610.0	6.203246e-05
15615.0	6.2034494e-05
15620.0	6.2036524e-05
15625.0	6.203857e-05
15630.0	6.20406e-05
15635.0	6.2042636e-05
15640.0	6.2044666e-05
15645.0	6.20467e-05
15650.0	6.204875e-05
15655.0	6.205078e-05
15660.0	6.2052815e-05
15665.0	6.205485e-05
15670.0	6.205688e-05
15675.0	6.205892e-05
15680.0	6.206096e-05
15685.0	6.2062994e-05
15690.0	6.206503e-05
15695.0	6.206706e-05
15700.0	6.2069106e-05
15705.0	6.2071136e-05
15710.0	6.207317e-05
15715.0	6.207521e-05
15720.0	6.207724e-05
15725.0	6.207928e-05
15730.0	6.2081315e-05
15735.0	6.208335e-05
15740.0	6.208539e-05
15745.0	6.208743e-05
15750.0	6.208946e-05
15755.0	6.2091436e-05
15760.0	6.2093015e-05
15765.0	6.209461e-05
15770.0	6.209619e-05
15775.0	6.209777e-05
15780.0	6.209936e-05
15785.0	6.2100946e-05
15790.0	6.210253e-05
15795.0	6.210412e-05
15800.0	6.2105704e-05
15805.0	6.210729e-05
15810.0	6.210888e-05
15815.0	6.2110455e-05
15820.0	6.211204e-05
15825.0	6.211362e-05
15830.0	6.2115214e-05
15835.0	6.21168e-05
15840.0	6.2118386e-05
15845.0	6.211997e-05
15850.0	6.212155e-05
15855.0	6.2123145e-05
15860.0	6.212472e-05
15865.0	6.212631e-05
15870.0	6.2127896e-05
15875.0	6.212948e-05
15880.0	6.213107e-05
15885.0	6.213265e-05
15890.0	6.213423e-05
15895.0	6.213582e-05
15900.0	6.2137406e-05
15905.0	6.213899e-05
15910.0	6.214057e-05
15915.0	6.214216e-05
15920.0	6.214374e-05
15925.0	6.214533e-05
15930.0	6.2146915e-05
15935.0	6.21485e-05
15940.0	6.215009e-05
15945.0	6.215167e-05
15950.0	6.215325e-05
15955.0	6.215484e-05
15960.0	6.2156425e-05
15965.0	6.215801e-05
15970.0	6.21596e-05
15975.0	6.2161176e-05
15980.0	6.2162755e-05
15985.0	6.216434e-05
15990.0	6.216593e-05
15995.0	6.216751e-05
16000.0	6.21691e-05
16005.0	6.217466e-05
16010.0	6.218136e-05
16015.0	6.218806e-05
16020.0	6.219476e-05
16025.0	6.220146e-05
16030.0	6.2208164e-05
16035.0	6.2214865e-05
16040.0	6.2221574e-05
16045.0	6.222827e-05
16050.0	6.2234976e-05
16055.0	6.224168e-05
16060.0	6.224838e-05
16065.0	6.225508e-05
16070.0	6.226179e-05
16075.0	6.226849e-05
16080.0	6.227519e-05
16085.0	6.22819e-05
16090.0	6.22886e-05
16095.0	6.22953e-05
16100.0	6.230201e-05
16105.0	6.23086e-05
16110.0	6.231437e-05
16115.0	6.232014e-05
16120.0	6.232591e-05
16125.0	6.233169e-05
16130.0	6.233745e-05
16135.0	6.234322e-05
16140.0	6.234899e-05
16145.0	6.235476e-05
16150.0	6.236053e-05
16155.0	6.23663e-05
16160.0	6.237207e-05
16165.0	6.237784e-05
16170.0	6.238361e-05
16175.0	6.238938e-05
16180.0	6.239515e-05
16185.0	6.240092e-05
16190.0	6.240669e-05
16195.0	6.241246e-05
16200.0	6.241822e-05
16205.0	6.242015e-05
16210.0	6.242207e-05
16215.0	6.2424e-05
16220.0	6.242592e-05
16225.0	6.242785e-05
16230.0	6.242977e-05
16235.0	6.243169e-05
16240.0	6.243361e-05
16245.0	6.243554e-05
16250.0	6.243746e-05
16255.0	6.243939e-05
16260.0	6.244131e-05
16265.0	6.244323e-05
16270.0	6.244515e-05
16275.0	6.244707e-05
16280.0	6.2449e-05
16285.0	6.245092e-05
16290.0	6.245285e-05
16295.0	6.245477e-05
16300.0	6.24567e-05
16305.0	6.245862e-05
16310.0	6.246054e-05
16315.0	6.2462466e-05
16320.0	6.246439e-05
16325.0	6.2466315e-05
16330.0	6.2468236e-05
16335.0	6.247016e-05
16340.0	6.247208e-05
16345.0	6.2474006e-05
16350.0	6.247593e-05
16355.0	6.2477855e-05
16360.0	6.2479776e-05
16365.0	6.24817e-05
16370.0	6.2483625e-05
16375.0	6.248554e-05
16380.0	6.248747e-05
16385.0	6.248939e-05
16390.0	6.2491315e-05
16395.0	6.2493236e-05
16400.0	6.2495164e-05
16405.0	6.250775e-05
16410.0	6.252034e-05
16415.0	6.253293e-05
16420.0	6.2545514e-05
16425.0	6.255811e-05
16430.0	6.2570696e-05
16435.0	6.2583276e-05
16440.0	6.259587e-05
16445.0	6.260846e-05
16450.0	6.2621046e-05
16455.0	6.263363e-05
16460.0	6.264623e-05
16465.0	6.2658815e-05
16470.0	6.26714e-05
16475.0	6.268399e-05
16480.0	6.269658e-05
16485.0	6.270917e-05
16490.0	6.272175e-05
16495.0	6.273434e-05
16500.0	6.2746934e-05
16505.0	6.275952e-05
16510.0	6.277211e-05
16515.0	6.27847e-05
16520.0	6.2797284e-05
16525.0	6.280988e-05
16530.0	6.2822466e-05
16535.0	6.2835046e-05
16540.0	6.284764e-05
16545.0	6.286023e-05
16550.0	6.2872816e-05
16555.0	6.28854e-05
16560.0	6.2898e-05
16565.0	6.2910585e-05
16570.0	6.292317e-05
16575.0	6.293576e-05
16580.0	6.294835e-05
16585.0	6.2960935e-05
16590.0	6.297352e-05
16595.0	6.298611e-05
16600.0	6.2998704e-05
16605.0	6.294485e-05
16610.0	6.2891e-05
16615.0	6.283714e-05
16620.0	6.278329e-05
16625.0	6.272944e-05
16630.0	6.2675594e-05
16635.0	6.2621744e-05
16640.0	6.2567895e-05
16645.0	6.2514046e-05
16650.0	6.2460196e-05
16655.0	6.240634e-05
16660.0	6.235249e-05
16665.0	6.229863e-05
16670.0	6.2244784e-05
16675.0	6.2190935e-05
16680.0	6.2137085e-05
16685.0	6.2083236e-05
16690.0	6.202939e-05
16695.0	6.197554e-05
16700.0	6.192169e-05
16705.0	6.186783e-05
16710.0	6.181398e-05
16715.0	6.1760125e-05
16720.0	6.1706276e-05
16725.0	6.165242e-05
16730.0	6.159857e-05
16735.0	6.154473e-05
16740.0	6.149088e-05
16745.0	6.143702e-05
16750.0	6.138317e-05
16755.0	6.132932e-05
16760.0	6.1275474e-05
16765.0	6.122162e-05
16770.0	6.116777e-05
16775.0	6.111391e-05
16780.0	6.106006e-05
16785.0	6.100622e-05
16790.0	6.0952363e-05
16795.0	6.0898514e-05
16800.0	6.0844664e-05
16805.0	6.078329e-05
16810.0	6.0721923e-05
16815.0	6.0660557e-05
16820.0	6.0599188e-05
16825.0	6.0537815e-05
16830.0	6.0476446e-05
16835.0	6.0415077e-05
16840.0	6.0353705e-05
16845.0	6.0292343e-05
16850.0	6.023097e-05
16855.0	6.01696e-05
16860.0	6.010823e-05
16865.0	6.004686e-05
16870.0	5.9985494e-05
16875.0	5.9924125e-05
16880.0	5.9862756e-05
16885.0	5.980139e-05
16890.0	5.9740014e-05
16895.0	5.967865e-05
16900.0	5.961728e-05
16905.0	5.9555907e-05
16910.0	5.9494545e-05
16915.0	5.943317e-05
16920.0	5.9371803e-05
16925.0	5.9310434e-05
16930.0	5.924906e-05
16935.0	5.9187692e-05
16940.0	5.912632e-05
16945.0	5.9064958e-05
16950.0	5.9003585e-05
16955.0	5.8942216e-05
16960.0	5.888083e-05
16965.0	5.8819453e-05
16970.0	5.8758065e-05
16975.0	5.869668e-05
16980.0	5.86353e-05
16985.0	5.857391e-05
16990.0	5.851253e-05
16995.0	5.8451147e-05
17000.0	5.8389767e-05
17005.0	5.8307924e-05
17010.0	5.822608e-05
17015.0	5.814425e-05
17020.0	5.8062407e-05
17025.0	5.7980564e-05
17030.0	5.7898724e-05
17035.0	5.7816887e-05
17040.0	5.7735047e-05
17045.0	5.765321e-05
17050.0	5.757137e-05
17055.0	5.748953e-05
17060.0	5.740769e-05
17065.0	5.7325855e-05
17070.0	5.724401e-05
17075.0	5.7162175e-05
17080.0	5.708034e-05
17085.0	5.69985e-05
17090.0	5.691666e-05
17095.0	5.6834815e-05
17100.0	5.6752982e-05
17105.0	5.6671142e-05
17110.0	5.6589302e-05
17115.0	5.6507462e-05
17120.0	5.6425626e-05
17125.0	5.6343782e-05
17130.0	5.6261946e-05
17135.0	5.618011e-05
17140.0	5.609827e-05
17145.0	5.601643e-05
17150.0	5.5934594e-05
17155.0	5.5852754e-05
17160.0	5.5770917e-05
17165.0	5.5689077e-05
17170.0	5.5607237e-05
17175.0	5.5525397e-05
17180.0	5.544356e-05
17185.0	5.536172e-05
17190.0	5.5279885e-05
17195.0	5.519805e-05
17200.0	5.5116205e-05
17205.0	5.4814074e-05
17210.0	5.4511936e-05
17215.0	5.42098e-05
17220.0	5.390767e-05
17225.0	5.3605538e-05
17230.0	5.33034e-05
17235.0	5.300127e-05
17240.0	5.2699135e-05
17245.0	5.2396997e-05
17250.0	5.2094867e-05
17255.0	5.1792736e-05
17260.0	5.14906e-05
17265.0	5.118847e-05
17270.0	5.0886334e-05
17275.0	5.0584196e-05
17280.0	5.0282073e-05
17285.0	4.9979928e-05
17290.0	4.96778e-05
17295.0	4.937567e-05
17300.0	4.907354e-05
17305.0	4.8771402e-05
17310.0	4.8469272e-05
17315.0	4.816714e-05
17320.0	4.7865007e-05
17325.0	4.756288e-05
17330.0	4.7260746e-05
17335.0	4.695862e-05
17340.0	4.6656485e-05
17345.0	4.635435e-05
17350.0	4.6052224e-05
17355.0	4.5750094e-05
17360.0	4.544796e-05
17365.0	4.5145833e-05
17370.0	4.4843702e-05
17375.0	4.4541568e-05
17380.0	4.423944e-05
17385.0	4.393731e-05
17390.0	4.3635184e-05
17395.0	4.3333053e-05
17400.0	4.3030923e-05
17405.0	4.24272e-05
17410.0	4.1823478e-05
17415.0	4.121976e-05
17420.0	4.0616036e-05
17425.0	4.0012314e-05
17430.0	3.940859e-05
17435.0	3.880487e-05
17440.0	3.820115e-05
17445.0	3.7597427e-05
17450.0	3.6993708e-05
17455.0	3.6389985e-05
17460.0	3.5786266e-05
17465.0	3.5182547e-05
17470.0	3.4578825e-05
17475.0	3.3975106e-05
17480.0	3.337139e-05
17485.0	3.276767e-05
17490.0	3.2163953e-05
17495.0	3.1560237e-05
17500.0	3.0956515e-05
17505.0	3.0352801e-05
17510.0	2.9749086e-05
17515.0	2.9145369e-05
17520.0	2.8541652e-05
17525.0	2.7937938e-05
17530.0	2.733422e-05
17535.0	2.6730502e-05
17540.0	2.6126789e-05
17545.0	2.5523072e-05
17550.0	2.4919362e-05
17555.0	2.4315645e-05
17560.0	2.3711933e-05
17565.0	2.310822e-05
17570.0	2.2504502e-05
17575.0	2.1900792e-05
17580.0	2.1297077e-05
17585.0	2.0693367e-05
17590.0	2.0089654e-05
17595.0	1.9485942e-05
17600.0	1.888223e-05
17605.0	1.853273e-05
17610.0	1.8183231e-05
17615.0	1.7833729e-05
17620.0	1.748423e-05
17625.0	1.713473e-05
17630.0	1.6785229e-05
17635.0	1.643573e-05
17640.0	1.6086231e-05
17645.0	1.5736732e-05
17650.0	1.5387232e-05
17655.0	1.5037734e-05
17660.0	1.4688235e-05
17665.0	1.4338736e-05
17670.0	1.3989237e-05
17675.0	1.363974e-05
17680.0	1.3290241e-05
17685.0	1.29407435e-05
17690.0	1.2591245e-05
17695.0	1.2241748e-05
17700.0	1.1892251e-05
17705.0	1.1542754e-05
17710.0	1.1193256e-05
17715.0	1.084376e-05
17720.0	1.0494263e-05
17725.0	1.0144766e-05
17730.0	9.79527e-06
17735.0	9.445774e-06
17740.0	9.096278e-06
17745.0	8.746782e-06
17750.0	8.397286e-06
17755.0	8.047791e-06
17760.0	7.698295e-06
17765.0	7.3488e-06
17770.0	6.9993043e-06
17775.0	6.64981e-06
17780.0	6.300316e-06
17785.0	5.950821e-06
17790.0	5.6013264e-06
17795.0	5.2518326e-06
17800.0	4.902339e-06
17805.0	4.8110746e-06
17810.0	4.7198096e-06
17815.0	4.6285454e-06
17820.0	4.5372813e-06
17825.0	4.446017e-06
17830.0	4.354753e-06
17835.0	4.263489e-06
17840.0	4.1722246e-06
17845.0	4.080961e-06
17850.0	3.989697e-06
17855.0	3.8984326e-06
17860.0	3.8071692e-06
17865.0	3.7159052e-06
17870.0	3.624641e-06
17875.0	3.5333774e-06
17880.0	3.4421134e-06
17885.0	3.35085e-06
17890.0	3.2595863e-06
17895.0	3.1683228e-06
17900.0	3.0770593e-06
17905.0	2.9857956e-06
17910.0	2.8945321e-06
17915.0	2.803269e-06
17920.0	2.7120057e-06
17925.0	2.620742e-06
17930.0	2.5294787e-06
17935.0	2.4382157e-06
17940.0	2.3469524e-06
17945.0	2.2556894e-06
17950.0	2.1644262e-06
17955.0	2.0731632e-06
17960.0	1.9819001e-06
17965.0	1.8906372e-06
17970.0	1.7993741e-06
17975.0	1.7081114e-06
17980.0	1.6168485e-06
17985.0	1.5255857e-06
17990.0	1.4343229e-06
17995.0	1.3430603e-06
18000.0	1.2517976e-06
18005.0	0.0
18010.0	0.0
