1 0.000000
2 0.000010
3 0.000020
4 0.000030
5 0.000040
6 0.000050
7 0.000060
8 0.000070
9 0.000080
10 0.000090
11 0.000100
12 0.000115
13 0.000130
14 0.000145
15 0.000160
16 0.000175
17 0.000180
18 0.000190
19 0.000200
20 0.000250
21 0.000300
22 0.000350
23 0.000400
24 0.000450
25 0.000500
26 0.000550
27 0.000600
28 0.000650
29 0.000700
30 0.000750
31 0.000800
32 0.000850
33 0.000900
34 0.000950
35 0.001000
36 0.001100
37 0.001200
38 0.001300
39 0.001400
40 0.001500
41 0.001600
42 0.001700
43 0.001800
44 0.001900
45 0.002000
46 0.002100
47 0.002200
48 0.002300
49 0.002400
50 0.002500
51 0.002600
52 0.002700
53 0.002800
54 0.002900
55 0.003000
56 0.003100
57 0.003200
58 0.003300
59 0.003400
60 0.003500
61 0.003600
62 0.003700
63 0.003800
64 0.003900
65 0.004000
66 0.004100
67 0.004200
68 0.004300
69 0.004400
70 0.004500
71 0.004600
72 0.004700
73 0.004800
74 0.004900
75 0.005000
76 0.005250
77 0.005500
78 0.005750
79 0.006000
80 0.006250
81 0.006500
82 0.006750
83 0.007000
84 0.007250
85 0.007500
86 0.008000
87 0.008500
88 0.009000
89 0.009500
90 0.010000
91 0.010500
92 0.011000
93 0.011500
94 0.012000
95 0.012500
96 0.013000
97 0.013500
98 0.014000
99 0.014500
100 0.015000
101 0.016000
102 0.017000
103 0.018000
104 0.019000
105 0.020000
106 0.021000
107 0.022000
108 0.023000
109 0.024000
110 0.025000
111 0.026000
112 0.027000
113 0.028000
114 0.029000
115 0.030000
116 0.031000
117 0.032000
118 0.033000
119 0.034000
120 0.035000
121 0.036000
122 0.037000
123 0.038000
124 0.039000
125 0.040000
126 0.042500
127 0.045000
128 0.047500
129 0.050000
130 0.053500
131 0.057000
132 0.060000
133 0.070000
134 0.080000
135 0.090000
136 0.100000
137 0.110000
138 0.120000
139 0.140000
140 0.160000
141 0.180000
142 0.200000
143 0.225000
144 0.250000
145 0.275000
146 0.300000
147 0.350000
148 0.400000
149 0.450000
150 0.500000
151 0.600000
152 0.700000
153 0.800000
154 0.900000
155 1.000000
156 1.100000
157 1.200000
158 1.300000
159 1.400000
160 1.500000
161 1.600000
162 1.700000
163 1.800000
164 1.900000
165 2.000000
166 2.100000
167 2.200000
168 2.300000
169 2.400000
170 2.500000
171 2.600000
172 2.800000
173 3.000000
174 3.250000
175 3.500000
176 3.750000
177 4.000000
178 4.250000
179 4.500000
180 4.750000
181 5.000000
182 5.250000
183 5.500000
184 5.750000
185 6.000000
186 6.250000
187 6.500000
188 6.750000
189 7.000000
190 7.250000
191 7.500000
192 7.750000
193 8.000000
194 8.250000
195 8.500000
196 8.750000
197 8.999999
198 9.250000
199 9.500000
200 9.750000
201 10.000000
202 10.250000
203 10.500000
204 10.750000
205 11.000001
206 11.250000
207 11.500000
208 11.750000
209 12.000000
210 12.250000
211 12.500000
212 12.750000
213 13.000000
214 13.250000
215 13.500000
216 13.750000
217 14.000000
218 14.250000
219 14.500000
220 14.750000
221 15.000001
