5501.500244 2.01535116e-09 
5511.500244 2.51229769e-09 
5521.500244 3.48431638e-09 
5531.500244 4.62421128e-09 
5541.500244 4.61328600e-09 
5551.500244 4.72839940e-09 
5561.500244 4.74643272e-09 
5571.500244 5.26222973e-09 
5581.500244 5.17708556e-09 
5591.500244 4.54143188e-09 
5601.500244 4.20193750e-09 
5611.500244 4.42980841e-09 
5621.500244 4.39645994e-09 
5631.500244 4.64831689e-09 
5641.500244 5.02348562e-09 
5651.500244 5.95085288e-09 
5661.500244 7.52124943e-09 
5671.500244 8.08725753e-09 
5681.500244 9.95966503e-09 
5691.500244 9.36856382e-09 
5701.500244 1.09413248e-08 
5711.500244 1.08491110e-08 
5721.500244 1.24053188e-08 
5731.500244 1.08965740e-08 
5741.500244 1.01430931e-08 
5751.500244 9.86350745e-09 
5761.500244 1.19441777e-08 
5771.500244 1.40978547e-08 
5781.500244 1.55744936e-08 
5791.500244 1.78145434e-08 
5801.500244 2.18867230e-08 
5811.500244 2.64124325e-08 
5821.500244 2.89493998e-08 
5831.500244 3.04976040e-08 
5841.500244 2.98647626e-08 
5851.500244 2.95076112e-08 
5861.500244 2.91694173e-08 
5871.500244 3.58143321e-08 
5881.500244 4.09520404e-08 
5891.500244 4.48014465e-08 
5901.500244 4.94610671e-08 
5911.500244 5.24774781e-08 
5921.500244 5.96049201e-08 
5931.500244 6.26544549e-08 
5941.500244 7.66220723e-08 
5951.500244 8.58435582e-08 
5961.500244 1.00033825e-07 
5971.500244 1.50384987e-07 
5981.500244 3.38787650e-07 
5991.500244 1.15949241e-06 
6001.500244 3.97383839e-06 
6011.500244 1.49169722e-05 
6021.500244 7.23160027e-05 
6031.500244 3.09960687e-04 
6041.500244 1.23753766e-03 
6051.500244 4.09764370e-03 
6061.500244 1.03420382e-02 
6071.500244 2.07280659e-02 
6081.500244 3.45090699e-02 
6091.500244 4.94548509e-02 
6101.500244 6.32327373e-02 
6111.500244 7.43232964e-02 
6121.500244 8.25960689e-02 
6131.500244 8.84711910e-02 
6141.500244 9.31323464e-02 
6151.500244 9.70909687e-02 
6161.500244 1.01307997e-01 
6171.500244 1.05977025e-01 
6181.500244 1.10770820e-01 
6191.500244 1.15564584e-01 
6201.500244 1.19844628e-01 
6211.500244 1.23278770e-01 
6221.500244 1.26113657e-01 
6231.500244 1.28231556e-01 
6241.500244 1.30247441e-01 
6251.500244 1.31920277e-01 
6261.500244 1.33178026e-01 
6271.500244 1.34178198e-01 
6281.500244 1.34887092e-01 
6291.500244 1.35267691e-01 
6301.500244 1.35521035e-01 
6311.500244 1.35661314e-01 
6321.500244 1.35901557e-01 
6331.500244 1.37155736e-01 
6341.500244 1.39276555e-01 
6351.500244 1.41830433e-01 
6361.500244 1.44646449e-01 
6371.500244 1.47060363e-01 
6381.500244 1.49008709e-01 
6391.500244 1.50766158e-01 
6401.500244 1.52204356e-01 
6411.500244 1.53924408e-01 
6421.500244 1.55673281e-01 
6431.500244 1.57161992e-01 
6441.500244 1.58390824e-01 
6451.500244 1.59283594e-01 
6461.500244 1.59984205e-01 
6471.500244 1.60807493e-01 
6481.500244 1.61982762e-01 
6491.500244 1.63359694e-01 
6501.500244 1.65112971e-01 
6511.500244 1.66384856e-01 
6521.500244 1.67236186e-01 
6531.500244 1.67800673e-01 
6541.500244 1.68032885e-01 
6551.500244 1.67927309e-01 
6561.500244 1.67928900e-01 
6571.500244 1.67631459e-01 
6581.500244 1.67510827e-01 
6591.500244 1.67843399e-01 
6601.500244 1.68728324e-01 
6611.500244 1.69699383e-01 
6621.500244 1.71300349e-01 
6631.500244 1.73463949e-01 
6641.500244 1.76054847e-01 
6651.500244 1.78398208e-01 
6661.500244 1.80203285e-01 
6671.500244 1.80980412e-01 
6681.500244 1.81266304e-01 
6691.500244 1.81391393e-01 
6701.500244 1.81188584e-01 
6711.500244 1.80786745e-01 
6721.500244 1.80361307e-01 
6731.500244 1.80271530e-01 
6741.500244 1.80103222e-01 
6751.500244 1.79941899e-01 
6761.500244 1.80319183e-01 
6771.500244 1.81146685e-01 
6781.500244 1.82098925e-01 
6791.500244 1.83778085e-01 
6801.500244 1.86049866e-01 
6811.500244 1.88198706e-01 
6821.500244 1.89764604e-01 
6831.500244 1.90713656e-01 
6841.500244 1.91930906e-01 
6851.500244 1.92863617e-01 
6861.500244 1.94002169e-01 
6871.500244 1.94906259e-01 
6881.500244 1.96067538e-01 
6891.500244 1.97646683e-01 
6901.500244 1.98912562e-01 
6911.500244 1.99266068e-01 
6921.500244 1.98332698e-01 
6931.500244 1.96206048e-01 
6941.500244 1.93350606e-01 
6951.500244 1.90191879e-01 
6961.500244 1.87900851e-01 
6971.500244 1.87080644e-01 
6981.500244 1.87894616e-01 
6991.500244 1.90337154e-01 
7001.500244 1.93836324e-01 
7011.500244 1.97938299e-01 
7021.500244 2.00988367e-01 
7031.500244 2.03634910e-01 
7041.500244 2.05375193e-01 
7051.500244 2.06029319e-01 
7061.500244 2.06845068e-01 
7071.500244 2.07391042e-01 
7081.500244 2.08549925e-01 
7091.500244 2.09964190e-01 
7101.500244 2.10253085e-01 
7111.500244 2.09845835e-01 
7121.500244 2.08011907e-01 
7131.500244 2.05858929e-01 
7141.500244 2.04221943e-01 
7151.500244 2.03804059e-01 
7161.500244 2.04044854e-01 
7171.500244 2.04291780e-01 
7181.500244 2.03745510e-01 
7191.500244 2.02008783e-01 
7201.500244 1.99759823e-01 
7211.500244 1.98140036e-01 
7221.500244 1.98677210e-01 
7231.500244 2.01819741e-01 
7241.500244 2.06823657e-01 
7251.500244 2.12809383e-01 
7261.500244 2.18645324e-01 
7271.500244 2.23362818e-01 
7281.500244 2.26588594e-01 
7291.500244 2.28757259e-01 
7301.500244 2.29885067e-01 
7311.500244 2.29396197e-01 
7321.500244 2.28432279e-01 
7331.500244 2.26660243e-01 
7341.500244 2.24067400e-01 
7351.500244 2.21453481e-01 
7361.500244 2.19257514e-01 
7371.500244 2.17786351e-01 
7381.500244 2.17562083e-01 
7391.500244 2.18242835e-01 
7401.500244 2.19013641e-01 
7411.500244 2.19953959e-01 
7421.500244 2.20665224e-01 
7431.500244 2.22085857e-01 
7441.500244 2.24778600e-01 
7451.500244 2.28542222e-01 
7461.500244 2.32278848e-01 
7471.500244 2.36425741e-01 
7481.500244 2.39395159e-01 
7491.500244 2.41841076e-01 
7501.500244 2.43029349e-01 
7511.500244 2.43550651e-01 
7521.500244 2.43469670e-01 
7531.500244 2.41723163e-01 
7541.500244 2.39053247e-01 
7551.500244 2.34894800e-01 
7561.500244 2.30497998e-01 
7571.500244 2.26996194e-01 
7581.500244 2.25188859e-01 
7591.500244 2.24384546e-01 
7601.500244 2.24738088e-01 
7611.500244 2.25586998e-01 
7621.500244 2.26597013e-01 
7631.500244 2.28927988e-01 
7641.500244 2.32251892e-01 
7651.500244 2.36954770e-01 
7661.500244 2.41852220e-01 
7671.500244 2.46040491e-01 
7681.500244 2.47924180e-01 
7691.500244 2.48014545e-01 
7701.500244 2.46729930e-01 
7711.500244 2.44373233e-01 
7721.500244 2.41802311e-01 
7731.500244 2.38094841e-01 
7741.500244 2.33776712e-01 
7751.500244 2.28370227e-01 
7761.500244 2.22045909e-01 
7771.500244 2.13078326e-01 
7781.500244 1.99583206e-01 
7791.500244 1.80581143e-01 
7801.500244 1.56823157e-01 
7811.500244 1.30334219e-01 
7821.500244 1.03585322e-01 
7831.500244 7.88305781e-02 
7841.500244 5.76372114e-02 
7851.500244 4.06465575e-02 
7861.500244 2.77262023e-02 
7871.500244 1.85280180e-02 
7881.500244 1.23050094e-02 
7891.500244 8.26873652e-03 
7901.500244 5.70613996e-03 
7911.500244 4.00083507e-03 
7921.500244 2.86948354e-03 
7931.500244 2.03921879e-03 
7941.500244 1.46461233e-03 
7951.500244 1.06775567e-03 
7961.500244 7.84746069e-04 
7971.500244 5.81087868e-04 
7981.500244 4.32431606e-04 
7991.500244 3.24602051e-04 
8001.500244 2.46102719e-04 
8011.500244 1.87664934e-04 
8021.500244 1.43741658e-04 
8031.500244 1.11207699e-04 
8041.500244 8.68853336e-05 
8051.500244 6.87691342e-05 
8061.500244 5.50906200e-05 
8071.500244 4.46114926e-05 
8081.500244 3.64848774e-05 
8091.500244 3.01516818e-05 
8101.500244 2.52067798e-05 
8111.500244 2.11276913e-05 
8121.500244 1.79910698e-05 
8131.500244 1.54534601e-05 
8141.500244 1.35350980e-05 
8151.500244 1.20225300e-05 
8161.500244 1.09329984e-05 
8171.500244 9.97062964e-06 
8181.500244 9.15390209e-06 
8191.500244 8.37396529e-06 
8201.500244 7.79035669e-06 
8211.500244 7.30214476e-06 
8221.500244 6.95241515e-06 
8231.500244 6.60664038e-06 
8241.500244 6.32461482e-06 
8251.500244 6.01300144e-06 
8261.500244 5.80195310e-06 
8271.500244 5.64417117e-06 
8281.500244 5.57283052e-06 
8291.500244 5.44305468e-06 
8301.500244 5.22483908e-06 
8311.500244 5.00321400e-06 
8321.500244 4.88900005e-06 
8331.500244 4.93073220e-06 
8341.500244 4.98405910e-06 
8351.500244 4.86996772e-06 
8361.500244 4.52375546e-06 
8371.500244 4.08304735e-06 
8381.500244 3.67676567e-06 
8391.500244 3.51224296e-06 
8401.500244 3.59797453e-06 
8411.500244 3.87942307e-06 
8421.500244 4.14260596e-06 
8431.500244 4.18788570e-06 
8441.500244 4.09922111e-06 
8451.500244 3.78927028e-06 
8461.500244 3.49580222e-06 
8471.500244 3.08909655e-06 
8481.500244 2.78656057e-06 
8491.500244 2.56538898e-06 
8501.500244 2.63790691e-06 
8511.500244 2.97107298e-06 
8521.500244 3.39135122e-06 
8531.500244 3.57156745e-06 
8541.500244 3.30184797e-06 
8551.500244 2.74330370e-06 
8561.500244 2.22821942e-06 
8571.500244 2.15318574e-06 
8581.500244 2.40631915e-06 
8591.500244 2.73977237e-06 
8601.500244 2.99100483e-06 
8611.500244 2.80466174e-06 
8621.500244 2.44160272e-06 
8631.500244 2.22055553e-06 
8641.500244 2.20152912e-06 
8651.500244 2.38221360e-06 
8661.500244 2.12144750e-06 
8671.500244 1.72563319e-06 
8681.500244 1.26111488e-06 
8691.500244 8.54903135e-07 
8701.500244 8.47143900e-07 
8711.500244 9.31206556e-07 
8721.500244 1.36988494e-06 
8731.500244 1.64530161e-06 
8741.500244 1.63756255e-06 
8751.500244 1.14305429e-06 
8761.500244 6.15432672e-07 
8771.500244 3.77829147e-07 
8781.500244 4.26682954e-07 
8791.500244 7.59356699e-07 
8801.500244 9.73518739e-07 
8811.500244 1.31963909e-06 
8821.500244 1.03978684e-06 
8831.500244 1.05627795e-06 
8841.500244 9.75236068e-07 
8851.500244 9.97951820e-07 
8861.500244 7.82040134e-07 
8871.500244 4.32877231e-07 
8881.500244 3.46630822e-07 
8891.500244 3.88410552e-07 
8901.500244 5.33749927e-07 
8911.500244 6.22779199e-07 
8921.500244 7.45170123e-07 
8931.500244 6.58787122e-07 
8941.500244 5.56315585e-07 
8951.500244 1.26317870e-06 
8961.500244 2.07221775e-06 
8971.500244 6.83668994e-06 
8981.500244 1.05132646e-05 
8991.500244 1.39511408e-05 
9001.500244 1.30267730e-05 
9011.500244 1.24596664e-05 
9021.500244 1.23616673e-05 
9031.500244 1.22506101e-05 
9041.500244 1.20731682e-05 
9051.500244 1.16703437e-05 
9061.500244 1.24850579e-05 
9071.500244 1.31825710e-05 
9081.500244 1.32384201e-05 
9091.500244 1.23993110e-05 
9101.500244 1.14127877e-05 
9111.500244 1.13504983e-05 
9121.500244 1.09929880e-05 
9131.500244 1.06502858e-05 
9141.500244 1.02909507e-05 
9151.500244 1.03835133e-05 
9161.500244 1.01818302e-05 
9171.500244 1.00571937e-05 
9181.500244 9.75547469e-06 
9191.500244 9.50558269e-06 
9201.500244 8.94144869e-06 
9211.500244 8.92481411e-06 
9221.500244 9.10563572e-06 
9231.500244 9.21419452e-06 
9241.500244 8.86196764e-06 
9251.500244 8.09237848e-06 
9261.500244 7.86406267e-06 
9271.500244 7.63506965e-06 
9281.500244 8.02833336e-06 
9291.500244 7.73434291e-06 
9301.500244 7.72123025e-06 
9311.500244 7.56041208e-06 
9321.500244 7.99863127e-06 
9331.500244 8.16081430e-06 
9341.500244 8.35231903e-06 
9351.500244 7.98812369e-06 
9361.500244 7.50836972e-06 
9371.500244 7.37637948e-06 
9381.500244 7.17928065e-06 
9391.500244 7.06080006e-06 
9401.500244 7.02091655e-06 
9411.500244 6.84284297e-06 
9421.500244 7.23928937e-06 
9431.500244 6.71771123e-06 
9441.500244 6.61300130e-06 
9451.500244 6.23352976e-06 
9461.500244 6.10085687e-06 
9471.500244 6.24035173e-06 
9481.500244 6.23120786e-06 
9491.500244 6.37472929e-06 
9501.500244 5.96897549e-06 
9511.500244 5.96996214e-06 
9521.500244 5.69736683e-06 
9531.500244 5.82346461e-06 
9541.500244 5.25312728e-06 
9551.500244 5.26927189e-06 
9561.500244 5.32756463e-06 
9571.500244 5.59069256e-06 
9581.500244 5.75774525e-06 
9591.500244 5.61300110e-06 
9601.500244 5.64818543e-06 
9611.500244 5.31637093e-06 
9621.500244 5.12212713e-06 
9631.500244 4.97472509e-06 
9641.500244 4.92792536e-06 
9651.500244 5.16401533e-06 
9661.500244 5.01006824e-06 
9671.500244 4.96444071e-06 
9681.500244 4.77474418e-06 
9691.500244 4.73021585e-06 
9701.500244 4.77637342e-06 
9711.500244 4.69317268e-06 
9721.500244 4.53292520e-06 
9731.500244 4.31251529e-06 
9741.500244 4.18805703e-06 
9751.500244 4.24108800e-06 
9761.500244 4.27922109e-06 
9771.500244 4.46773808e-06 
9781.500244 4.38978300e-06 
9791.500244 4.32610522e-06 
9801.500244 4.35020954e-06 
9811.500244 4.60065485e-06 
9821.500244 4.68003591e-06 
9831.500244 4.60163820e-06 
9841.500244 4.46461854e-06 
9851.500244 4.33349427e-06 
9861.500244 4.18291536e-06 
9871.500244 3.98500438e-06 
9881.500244 4.04570981e-06 
9891.500244 4.03958914e-06 
9901.500244 4.15263949e-06 
9911.500244 4.14579819e-06 
9921.500244 4.05758841e-06 
9931.500244 3.86937938e-06 
9941.500244 3.85745383e-06 
9951.500244 3.78696267e-06 
9961.500244 3.98791006e-06 
9971.500244 3.96071339e-06 
9981.500244 3.94586917e-06 
9991.500244 3.83105324e-06 
10001.500244 3.65875038e-06 
10011.500244 3.70235399e-06 
10021.500244 3.69602401e-06 
10031.500244 3.77876783e-06 
10041.500244 3.74982831e-06 
10051.500244 3.75641275e-06 
10061.500244 3.69826274e-06 
10071.500244 3.74047158e-06 
10081.500244 3.62837712e-06 
10091.500244 3.76976822e-06 
10101.500244 3.66558368e-06 
10111.500244 3.84651102e-06 
10121.500244 3.60006446e-06 
10131.500244 3.63185099e-06 
10141.500244 3.51129886e-06 
10151.500244 3.48575495e-06 
10161.500244 3.29023467e-06 
10171.500244 3.05203453e-06 
10181.500244 3.17715412e-06 
10191.500244 3.42400429e-06 
10201.500244 3.49888652e-06 
10211.500244 3.57783229e-06 
10221.500244 3.41950713e-06 
10231.500244 3.34068515e-06 
10241.500244 3.23327993e-06 
10251.500244 3.20667420e-06 
10261.500244 3.41145212e-06 
10271.500244 3.39962721e-06 
10281.500244 3.48072570e-06 
10291.500244 3.29671848e-06 
10301.500244 3.26547445e-06 
10311.500244 3.21123616e-06 
10321.500244 3.25623254e-06 
10331.500244 3.06000284e-06 
10341.500244 2.92484030e-06 
10351.500244 2.86128204e-06 
10361.500244 2.98787090e-06 
10371.500244 3.10605174e-06 
10381.500244 3.13384147e-06 
10391.500244 3.25918927e-06 
10401.500244 3.18934633e-06 
10411.500244 3.16168137e-06 
10421.500244 3.00379298e-06 
10431.500244 3.02845101e-06 
10441.500244 3.17890842e-06 
10451.500244 3.13767219e-06 
10461.500244 2.96900538e-06 
10471.500244 2.75734140e-06 
10481.500244 2.71064645e-06 
10491.500244 2.84382987e-06 
10501.500244 2.77169553e-06 
10511.500244 2.98935297e-06 
10521.500244 3.00854939e-06 
10531.500244 3.03562462e-06 
10541.500244 2.95799561e-06 
10551.500244 3.01403191e-06 
10561.500244 3.22834196e-06 
10571.500244 3.17674701e-06 
10581.500244 3.10680479e-06 
10591.500244 2.90111471e-06 
10601.500244 2.89559464e-06 
10611.500244 2.88520645e-06 
10621.500244 2.93499293e-06 
10631.500244 3.03224050e-06 
10641.500244 2.96777075e-06 
10651.500244 3.11493032e-06 
10661.500244 2.93325351e-06 
10671.500244 2.95575029e-06 
10681.500244 2.84781207e-06 
10691.500244 2.89369594e-06 
10701.500244 2.80709839e-06 
10711.500244 2.81198733e-06 
10721.500244 2.85375174e-06 
10731.500244 2.95624889e-06 
10741.500244 2.81295628e-06 
10751.500244 2.61090840e-06 
10761.500244 2.50035395e-06 
10771.500244 2.61540904e-06 
10781.500244 2.75926603e-06 
10791.500244 2.94750151e-06 
10801.500244 2.88952058e-06 
10811.500244 3.06524541e-06 
10821.500244 3.04911276e-06 
10831.500244 2.98240939e-06 
10841.500244 2.74741034e-06 
10851.500244 2.73671534e-06 
10861.500244 2.75310457e-06 
10871.500244 2.75264285e-06 
10881.500244 2.58444283e-06 
10891.500244 2.76140887e-06 
10901.500244 2.72155207e-06 
10911.500244 2.75722387e-06 
10921.500244 2.73091047e-06 
10931.500244 2.76810842e-06 
10941.500244 2.82434666e-06 
10951.500244 2.63938867e-06 
10961.500244 2.70146675e-06 
10971.500244 2.55147473e-06 
10981.500244 2.65296000e-06 
10991.500244 2.56842170e-06 
11001.500244 2.75582251e-06 
11011.500244 2.74846915e-06 
11021.500244 2.86766291e-06 
11031.500244 2.87308134e-06 
11041.500244 2.90621011e-06 
11051.500244 2.88381805e-06 
11061.500244 2.77414439e-06 
11071.500244 2.68432654e-06 
11081.500244 2.69316230e-06 
11091.500244 2.72270441e-06 
11101.500244 2.72758405e-06 
11111.500244 2.66959249e-06 
11121.500244 2.70206589e-06 
11131.500244 2.73401012e-06 
11141.500244 2.75845805e-06 
11151.500244 2.82779717e-06 
11161.500244 3.04912966e-06 
11171.500244 3.20571408e-06 
11181.500244 3.43783261e-06 
11191.500244 3.56033735e-06 
11201.500244 3.79469815e-06 
11211.500244 3.94491891e-06 
11221.500244 4.19962721e-06 
11231.500244 4.25855302e-06 
11241.500244 4.39378852e-06 
11251.500244 4.61620531e-06 
11261.500244 4.89882454e-06 
11271.500244 5.09021236e-06 
11281.500244 5.09644366e-06 
11291.500244 5.21196806e-06 
11301.500244 5.31338417e-06 
11311.500244 5.45613491e-06 
11321.500244 5.65427833e-06 
11331.500244 5.85639897e-06 
11341.500244 6.11441692e-06 
11351.500244 6.04211360e-06 
11361.500244 6.13581029e-06 
11371.500244 5.95142586e-06 
11381.500244 5.97919149e-06 
11391.500244 5.85716443e-06 
11401.500244 5.87911191e-06 
11411.500244 5.91096350e-06 
11421.500244 5.77425438e-06 
11431.500244 5.73234622e-06 
11441.500244 5.36923693e-06 
11451.500244 5.20398078e-06 
11461.500244 4.93886258e-06 
11471.500244 4.90425780e-06 
11481.500244 4.73348164e-06 
11491.500244 4.53881036e-06 
11501.500244 4.42576022e-06 
11511.500244 4.20621190e-06 
11521.500244 3.90559294e-06 
11531.500244 3.74451605e-06 
11541.500244 3.58371303e-06 
11551.500244 3.58116087e-06 
11561.500244 3.42915962e-06 
11571.500244 3.44054852e-06 
11581.500244 3.42015849e-06 
11591.500244 3.40970647e-06 
11601.500244 3.37559224e-06 
11611.500244 3.24517215e-06 
11621.500244 3.21392241e-06 
11631.500244 3.06497685e-06 
11641.500244 3.11943427e-06 
11651.500244 3.05264263e-06 
11661.500244 3.04289204e-06 
11671.500244 2.85551005e-06 
11681.500244 2.78585734e-06 
11691.500244 2.68794164e-06 
11701.500244 2.76718595e-06 
11711.500244 2.71440685e-06 
11721.500244 2.84968397e-06 
11731.500244 2.94068047e-06 
11741.500244 3.06471086e-06 
11751.500244 3.03938533e-06 
11761.500244 3.03406932e-06 
11771.500244 2.93253475e-06 
11781.500244 2.92559157e-06 
11791.500244 2.82927061e-06 
11801.500244 2.89241456e-06 
11811.500244 2.94171427e-06 
11821.500244 2.94259778e-06 
11831.500244 2.97675771e-06 
11841.500244 3.14122204e-06 
11851.500244 3.18698779e-06 
11861.500244 3.08022907e-06 
11871.500244 2.95474326e-06 
11881.500244 2.92718489e-06 
11891.500244 3.03828252e-06 
11901.500244 3.08422468e-06 
11911.500244 3.12136274e-06 
11921.500244 3.13207389e-06 
11931.500244 3.00362301e-06 
11941.500244 2.97691250e-06 
11951.500244 3.01794222e-06 
11961.500244 3.16083002e-06 
11971.500244 3.20288240e-06 
11981.500244 3.19532409e-06 
11991.500244 3.11813625e-06 
12001.500244 3.10126811e-06 
12011.500244 3.17843849e-06 
12021.500244 3.12743683e-06 
12031.500244 3.14474464e-06 
12041.500244 3.12233263e-06 
12051.500244 3.29478451e-06 
12061.500244 3.21417603e-06 
12071.500244 3.19167769e-06 
12081.500244 2.99948179e-06 
12091.500244 3.11835632e-06 
12101.500244 2.95350186e-06 
12111.500244 3.03612831e-06 
12121.500244 2.95196198e-06 
12131.500244 3.10400353e-06 
12141.500244 3.12842742e-06 
12151.500244 3.21146049e-06 
12161.500244 3.20886560e-06 
12171.500244 3.20177126e-06 
12181.500244 3.09170352e-06 
12191.500244 3.03705865e-06 
12201.500244 2.97919979e-06 
12211.500244 3.04859907e-06 
12221.500244 3.10934041e-06 
12231.500244 3.04160017e-06 
12241.500244 3.08049499e-06 
12251.500244 3.04806179e-06 
12261.500244 3.19624980e-06 
12271.500244 3.17695250e-06 
12281.500244 3.07194868e-06 
12291.500244 2.99055810e-06 
12301.500244 2.82310670e-06 
12311.500244 2.81714320e-06 
12321.500244 2.74219061e-06 
12331.500244 2.78450150e-06 
12341.500244 2.80723633e-06 
12351.500244 2.73306276e-06 
12361.500244 2.77707725e-06 
12371.500244 2.71075870e-06 
12381.500244 2.81577217e-06 
12391.500244 2.73334353e-06 
12401.500244 2.84338237e-06 
12411.500244 2.81069982e-06 
12421.500244 2.90228357e-06 
12431.500244 2.83209566e-06 
12441.500244 2.82160867e-06 
12451.500244 2.81372659e-06 
12461.500244 2.87073977e-06 
12471.500244 3.04118797e-06 
12481.500244 3.04331797e-06 
12491.500244 3.02511713e-06 
12501.500244 2.92147920e-06 
12511.500244 3.02269835e-06 
12521.500244 3.14130431e-06 
12531.500244 3.26927523e-06 
12541.500244 3.39025590e-06 
12551.500244 3.49385621e-06 
12561.500244 3.42024069e-06 
12571.500244 3.48662029e-06 
12581.500244 3.53609904e-06 
12591.500244 3.77062263e-06 
12601.500244 3.73137741e-06 
12611.500244 3.78612092e-06 
12621.500244 3.91285771e-06 
12631.500244 4.02657668e-06 
12641.500244 4.08201763e-06 
12651.500244 3.98253452e-06 
12661.500244 3.96308104e-06 
12671.500244 3.97348313e-06 
12681.500244 3.84577625e-06 
12691.500244 3.78172872e-06 
12701.500244 3.66603138e-06 
12711.500244 3.66178032e-06 
12721.500244 3.65573233e-06 
12731.500244 3.60440630e-06 
12741.500244 3.80163585e-06 
12751.500244 3.80621169e-06 
12761.500244 3.77571200e-06 
12771.500244 3.57739497e-06 
12781.500244 3.37774039e-06 
12791.500244 3.25337872e-06 
12801.500244 3.28169249e-06 
12811.500244 3.35547700e-06 
12821.500244 3.36398951e-06 
12831.500244 3.31169563e-06 
12841.500244 3.14914145e-06 
12851.500244 3.14104561e-06 
12861.500244 2.89815080e-06 
12871.500244 3.00296723e-06 
12881.500244 2.74665073e-06 
12891.500244 2.90512342e-06 
12901.500244 2.81033508e-06 
12911.500244 2.97346528e-06 
12921.500244 2.84586120e-06 
12931.500244 2.95383284e-06 
12941.500244 2.88125437e-06 
12951.500244 2.90345389e-06 
12961.500244 2.82123317e-06 
12971.500244 2.91071233e-06 
12981.500244 2.98937036e-06 
12991.500244 3.13316981e-06 
13001.500244 3.18454811e-06 
13011.500244 3.24359318e-06 
13021.500244 3.33176676e-06 
13031.500244 3.30015406e-06 
13041.500244 3.28753426e-06 
13051.500244 3.29205183e-06 
13061.500244 3.52491586e-06 
13071.500244 3.70499679e-06 
13081.500244 3.71229344e-06 
13091.500244 3.97804827e-06 
13101.500244 4.12118156e-06 
13111.500244 4.31617999e-06 
13121.500244 4.23270070e-06 
13131.500244 4.27230164e-06 
13141.500244 4.34414967e-06 
13151.500244 4.44460813e-06 
13161.500244 4.50844178e-06 
13171.500244 4.58417732e-06 
13181.500244 4.57307004e-06 
13191.500244 4.61794508e-06 
13201.500244 4.52406120e-06 
13211.500244 4.49622636e-06 
13221.500244 4.41305616e-06 
13231.500244 4.42380146e-06 
13241.500244 4.46647566e-06 
13251.500244 4.40309427e-06 
13261.500244 4.23537819e-06 
13271.500244 4.12690287e-06 
13281.500244 4.11028313e-06 
13291.500244 4.06148942e-06 
13301.500244 3.97095825e-06 
13311.500244 3.82484641e-06 
13321.500244 3.84206505e-06 
13331.500244 3.62060752e-06 
13341.500244 3.51160949e-06 
13351.500244 3.40503346e-06 
13361.500244 3.49801931e-06 
13371.500244 3.58157154e-06 
13381.500244 3.42857380e-06 
13391.500244 3.41086988e-06 
13401.500244 3.28960521e-06 
13411.500244 3.30742492e-06 
13421.500244 3.24445864e-06 
13431.500244 3.20928147e-06 
13441.500244 3.24322775e-06 
13451.500244 3.13694152e-06 
13461.500244 3.22927027e-06 
13471.500244 3.23785379e-06 
13481.500244 3.42818635e-06 
13491.500244 3.45331552e-06 
13501.500244 3.56447126e-06 
13511.500244 3.42463178e-06 
13521.500244 3.57475450e-06 
13531.500244 3.49031614e-06 
13541.500244 3.62679279e-06 
13551.500244 3.56899800e-06 
13561.500244 3.70117556e-06 
13571.500244 3.79633714e-06 
13581.500244 3.75644655e-06 
13591.500244 3.69498288e-06 
13601.500244 3.73511831e-06 
13611.500244 3.78112485e-06 
13621.500244 3.73043618e-06 
13631.500244 3.82277601e-06 
13641.500244 3.97573837e-06 
13651.500244 4.38923487e-06 
13661.500244 4.31406374e-06 
13671.500244 4.32921054e-06 
13681.500244 4.00883067e-06 
13691.500244 4.04924203e-06 
13701.500244 4.19497047e-06 
13711.500244 4.58085862e-06 
13721.500244 4.68958972e-06 
13731.500244 4.58600709e-06 
13741.500244 4.59075214e-06 
13751.500244 4.93522652e-06 
13761.500244 5.31174778e-06 
13771.500244 5.21511892e-06 
13781.500244 5.16836415e-06 
13791.500244 4.98717704e-06 
13801.500244 5.01197224e-06 
13811.500244 5.07741185e-06 
13821.500244 5.16576864e-06 
13831.500244 5.36312204e-06 
13841.500244 5.22105773e-06 
13851.500244 5.11281825e-06 
13861.500244 5.04270601e-06 
13871.500244 5.01829701e-06 
13881.500244 5.06712440e-06 
13891.500244 4.87865999e-06 
13901.500244 4.70977356e-06 
13911.500244 4.56372923e-06 
13921.500244 4.53748857e-06 
13931.500244 4.53680695e-06 
13941.500244 4.47174979e-06 
13951.500244 4.49873887e-06 
13961.500244 4.36997743e-06 
13971.500244 4.35513152e-06 
13981.500244 4.13854338e-06 
13991.500244 4.19292144e-06 
14001.500244 4.01871926e-06 
14011.500244 4.09503779e-06 
14021.500244 4.01544589e-06 
14031.500244 4.01939424e-06 
14041.500244 3.82913845e-06 
14051.500244 3.71045188e-06 
14061.500244 3.60894859e-06 
14071.500244 3.59404664e-06 
14081.500244 3.74967431e-06 
14091.500244 3.66145193e-06 
14101.500244 3.87469451e-06 
14111.500244 3.66419271e-06 
14121.500244 3.70934713e-06 
14131.500244 3.64476241e-06 
14141.500244 3.72958424e-06 
14151.500244 3.75128139e-06 
14161.500244 3.57856344e-06 
14171.500244 3.47993822e-06 
14181.500244 3.56480524e-06 
14191.500244 3.75763408e-06 
14201.500244 3.87219310e-06 
14211.500244 3.72389108e-06 
14221.500244 3.65020332e-06 
14231.500244 3.55481032e-06 
14241.500244 3.79142620e-06 
14251.500244 3.58628696e-06 
14261.500244 3.53676287e-06 
14271.500244 3.33878637e-06 
14281.500244 3.48699731e-06 
14291.500244 3.55181506e-06 
14301.500244 3.57241119e-06 
14311.500244 3.58144795e-06 
14321.500244 3.44046104e-06 
14331.500244 3.55334842e-06 
14341.500244 3.71914465e-06 
14351.500244 3.98985964e-06 
14361.500244 4.04626514e-06 
14371.500244 3.91019100e-06 
14381.500244 3.77143007e-06 
14391.500244 3.71361995e-06 
14401.500244 3.94713426e-06 
14411.500244 4.00802262e-06 
14421.500244 4.01412756e-06 
14431.500244 3.73006050e-06 
14441.500244 3.68115077e-06 
14451.500244 3.75512799e-06 
14461.500244 3.72663999e-06 
14471.500244 3.71541553e-06 
14481.500244 3.63604948e-06 
14491.500244 3.51296693e-06 
14501.500244 3.54918746e-06 
14511.500244 3.47763960e-06 
14521.500244 3.62397635e-06 
14531.500244 3.58863158e-06 
14541.500244 3.59859071e-06 
14551.500244 3.67387863e-06 
14561.500244 3.63583284e-06 
14571.500244 3.69352784e-06 
14581.500244 3.92094870e-06 
14591.500244 4.02264275e-06 
14601.500244 4.11432923e-06 
14611.500244 3.91877637e-06 
14621.500244 3.99932035e-06 
14631.500244 3.76283953e-06 
14641.500244 3.84868661e-06 
14651.500244 3.79438024e-06 
14661.500244 4.05979978e-06 
14671.500244 3.96073758e-06 
14681.500244 3.95480718e-06 
14691.500244 4.01073195e-06 
14701.500244 4.03290042e-06 
14711.500244 4.01084739e-06 
14721.500244 3.90587602e-06 
14731.500244 3.92907874e-06 
14741.500244 3.85657554e-06 
14751.500244 3.84119737e-06 
14761.500244 3.83359286e-06 
14771.500244 4.02316133e-06 
14781.500244 4.01163910e-06 
14791.500244 3.95828608e-06 
14801.500244 3.97241669e-06 
14811.500244 3.84277035e-06 
14821.500244 3.85244226e-06 
14831.500244 3.73173530e-06 
14841.500244 3.82027167e-06 
14851.500244 3.75434037e-06 
14861.500244 3.92761291e-06 
14871.500244 4.00306657e-06 
14881.500244 4.18746307e-06 
14891.500244 4.11467782e-06 
14901.500244 4.06813007e-06 
14911.500244 4.07703852e-06 
14921.500244 4.17631658e-06 
14931.500244 4.34931819e-06 
14941.500244 4.43480550e-06 
14951.500244 4.44998461e-06 
14961.500244 4.34683849e-06 
14971.500244 4.26666730e-06 
14981.500244 4.11222500e-06 
14991.500244 4.02313859e-06 
15001.500244 4.05963046e-06 
15011.500244 4.06568167e-06 
15021.500244 4.08073231e-06 
15031.500244 4.04710152e-06 
15041.500244 4.03674644e-06 
15051.500244 4.20104324e-06 
15061.500244 4.27546125e-06 
15071.500244 4.37399809e-06 
15081.500244 4.33753198e-06 
15091.500244 4.35263422e-06 
15101.500244 4.41826034e-06 
15111.500244 4.37629281e-06 
15121.500244 4.31765081e-06 
15131.500244 4.30206495e-06 
15141.500244 4.44889815e-06 
15151.500244 4.55551128e-06 
15161.500244 4.67670671e-06 
15171.500244 4.65125832e-06 
15181.500244 4.53194687e-06 
15191.500244 4.44038795e-06 
15201.500244 4.47878260e-06 
15211.500244 4.69217728e-06 
15221.500244 4.49454037e-06 
15231.500244 4.48854747e-06 
15241.500244 4.27986761e-06 
15251.500244 4.44828608e-06 
15261.500244 4.44895682e-06 
15271.500244 4.60370151e-06 
15281.500244 4.57243700e-06 
15291.500244 4.46518897e-06 
15301.500244 4.29074136e-06 
15311.500244 4.29236262e-06 
15321.500244 4.31453155e-06 
15331.500244 4.41374389e-06 
15341.500244 4.44862672e-06 
15351.500244 4.32495844e-06 
15361.500244 4.29199416e-06 
15371.500244 4.23694959e-06 
15381.500244 4.62920973e-06 
15391.500244 4.72267553e-06 
15401.500244 4.67107704e-06 
15411.500244 4.43259087e-06 
15421.500244 4.35344511e-06 
15431.500244 4.56642935e-06 
15441.500244 4.64859748e-06 
15451.500244 4.67567806e-06 
15461.500244 4.45044181e-06 
15471.500244 4.28271981e-06 
15481.500244 4.23210193e-06 
15491.500244 4.43571783e-06 
15501.500244 4.60982851e-06 
15511.500244 4.72686625e-06 
15521.500244 4.80026320e-06 
15531.500244 4.82683215e-06 
15541.500244 4.96471122e-06 
15551.500244 4.71349173e-06 
15561.500244 4.85338707e-06 
15571.500244 4.68039429e-06 
15581.500244 5.04739181e-06 
15591.500244 4.97737288e-06 
15601.500244 5.10474058e-06 
15611.500244 5.26654473e-06 
15621.500244 5.23800537e-06 
15631.500244 5.35122875e-06 
15641.500244 5.04407406e-06 
15651.500244 4.96519180e-06 
15661.500244 4.84162324e-06 
15671.500244 4.69251581e-06 
15681.500244 4.81516717e-06 
15691.500244 4.83109903e-06 
15701.500244 4.98463367e-06 
15711.500244 4.89393696e-06 
15721.500244 4.99173741e-06 
15731.500244 5.01716546e-06 
15741.500244 5.25762345e-06 
15751.500244 5.23482681e-06 
15761.500244 5.32127333e-06 
15771.500244 5.20789198e-06 
15781.500244 4.95656700e-06 
15791.500244 4.82579850e-06 
15801.500244 4.89920707e-06 
15811.500244 5.13953882e-06 
15821.500244 5.32474567e-06 
15831.500244 5.17265305e-06 
15841.500244 5.10269767e-06 
15851.500244 4.84868047e-06 
15861.500244 5.12662549e-06 
15871.500244 4.93672104e-06 
15881.500244 4.95080804e-06 
15891.500244 4.85871836e-06 
15901.500244 5.17376329e-06 
15911.500244 5.31915569e-06 
15921.500244 5.31669411e-06 
15931.500244 5.21289836e-06 
15941.500244 5.35189036e-06 
15951.500244 5.28408622e-06 
15961.500244 5.25863997e-06 
15971.500244 5.02402261e-06 
15981.500244 5.09743615e-06 
15991.500244 5.12729644e-06 
16001.500244 5.41556340e-06 
16011.500244 5.34818795e-06 
16021.500244 5.26928038e-06 
16031.500244 5.24260518e-06 
16041.500244 5.10585031e-06 
16051.500244 5.29584098e-06 
16061.500244 4.98831356e-06 
16071.500244 5.32702715e-06 
16081.500244 5.49581660e-06 
16091.500244 5.77980036e-06 
16101.500244 5.83150935e-06 
16111.500244 5.75502740e-06 
16121.500244 5.86059815e-06 
16131.500244 5.66097552e-06 
16141.500244 5.80558981e-06 
16151.500244 5.78059471e-06 
16161.500244 6.01308936e-06 
16171.500244 6.03042618e-06 
16181.500244 6.18406417e-06 
16191.500244 6.17624223e-06 
16201.500244 6.19852114e-06 
16211.500244 6.08726532e-06 
16221.500244 6.16689921e-06 
16231.500244 6.36545874e-06 
16241.500244 6.74256460e-06 
16251.500244 7.12635410e-06 
16261.500244 7.00578894e-06 
16271.500244 6.65773562e-06 
16281.500244 6.44465218e-06 
16291.500244 6.39750383e-06 
16301.500244 6.70487356e-06 
16311.500244 6.50485818e-06 
16321.500244 6.75577422e-06 
16331.500244 6.70594681e-06 
16341.500244 6.65742901e-06 
16351.500244 6.50250231e-06 
16361.500244 6.41933033e-06 
16371.500244 6.67192973e-06 
16381.500244 6.73823988e-06 
16391.500244 7.06157534e-06 
16401.500244 6.87161968e-06 
16411.500244 6.55324920e-06 
16421.500244 6.13193398e-06 
16431.500244 6.20738283e-06 
16441.500244 6.61152563e-06 
16451.500244 6.88517384e-06 
16461.500244 6.81522009e-06 
16471.500244 6.63983649e-06 
16481.500244 6.50051927e-06 
16491.500244 6.52236976e-06 
16501.500244 6.55500236e-06 
16511.500244 6.54882637e-06 
16521.500244 6.72518582e-06 
16531.500244 6.70320598e-06 
16541.500244 6.71773968e-06 
16551.500244 6.58839985e-06 
16561.500244 6.36282467e-06 
16571.500244 6.09301726e-06 
16581.500244 5.74570213e-06 
16591.500244 5.76844380e-06 
16601.500244 6.19912073e-06 
16611.500244 6.70054567e-06 
16621.500244 7.14617504e-06 
16631.500244 7.03503600e-06 
16641.500244 6.60118672e-06 
16651.500244 6.35009375e-06 
16661.500244 6.02097518e-06 
16671.500244 6.39192578e-06 
16681.500244 6.28613166e-06 
16691.500244 6.55395606e-06 
16701.500244 6.50637254e-06 
16711.500244 6.66943354e-06 
16721.500244 6.67215703e-06 
16731.500244 6.52613285e-06 
16741.500244 6.66176381e-06 
16751.500244 6.71739119e-06 
16761.500244 6.80009327e-06 
16771.500244 6.58003516e-06 
16781.500244 6.47260226e-06 
16791.500244 6.34363895e-06 
16801.500244 6.08422312e-06 
16811.500244 6.10943194e-06 
16821.500244 6.44023991e-06 
16831.500244 6.77074247e-06 
16841.500244 6.91084865e-06 
16851.500244 6.80501617e-06 
16861.500244 7.30206409e-06 
16871.500244 7.27642614e-06 
16881.500244 7.21242946e-06 
16891.500244 6.79004974e-06 
16901.500244 6.78593058e-06 
16911.500244 6.51507951e-06 
16921.500244 6.64821763e-06 
16931.500244 6.77283942e-06 
16941.500244 7.22433273e-06 
16951.500244 7.03692323e-06 
16961.500244 6.85688442e-06 
16971.500244 6.88218523e-06 
16981.500244 7.00104833e-06 
16991.500244 6.86767493e-06 
17001.500244 6.71192607e-06 
17011.500244 6.59709628e-06 
17021.500244 6.86456167e-06 
17031.500244 6.87248715e-06 
17041.500244 6.86515101e-06 
17051.500244 6.84337783e-06 
17061.500244 7.04142600e-06 
17071.500244 6.74139106e-06 
17081.500244 7.13449161e-06 
17091.500244 7.17246057e-06 
17101.500244 7.37406335e-06 
17111.500244 6.94081738e-06 
17121.500244 7.18081479e-06 
17131.500244 7.60203790e-06 
17141.500244 7.81136509e-06 
17151.500244 7.83690761e-06 
17161.500244 7.91801049e-06 
17171.500244 7.63012861e-06 
17181.500244 7.27496462e-06 
17191.500244 7.16828057e-06 
17201.500244 7.57373350e-06 
17211.500244 7.50332484e-06 
17221.500244 7.67843680e-06 
17231.500244 7.35757636e-06 
17241.500244 7.68526670e-06 
17251.500244 7.54603683e-06 
17261.500244 7.76217465e-06 
17271.500244 8.03604890e-06 
17281.500244 8.00526520e-06 
17291.500244 7.79965169e-06 
17301.500244 7.33852011e-06 
17311.500244 7.28149092e-06 
17321.500244 7.40905462e-06 
17331.500244 7.64530183e-06 
17341.500244 7.75459567e-06 
17351.500244 8.11050862e-06 
17361.500244 8.16846437e-06 
17371.500244 8.37897267e-06 
17381.500244 8.70555733e-06 
17391.500244 8.55293076e-06 
17401.500244 8.04435713e-06 
17411.500244 7.43563418e-06 
17421.500244 7.28804201e-06 
17431.500244 7.62080694e-06 
17441.500244 8.10105050e-06 
17451.500244 8.53792350e-06 
17461.500244 8.94844554e-06 
17471.500244 8.35022436e-06 
17481.500244 8.24604407e-06 
17491.500244 8.04438367e-06 
17501.500244 8.64596416e-06 
17511.500244 8.61227102e-06 
17521.500244 8.23501026e-06 
17531.500244 8.29971938e-06 
17541.500244 8.25840617e-06 
17551.500244 8.57044615e-06 
17561.500244 8.23150123e-06 
17571.500244 8.23103677e-06 
17581.500244 8.33775770e-06 
17591.500244 8.57139549e-06 
17601.500244 8.32319616e-06 
17611.500244 8.70788459e-06 
17621.500244 8.29029948e-06 
17631.500244 8.71454386e-06 
17641.500244 8.18772855e-06 
17651.500244 8.46869901e-06 
17661.500244 8.61737129e-06 
17671.500244 8.98871571e-06 
17681.500244 9.24715916e-06 
17691.500244 9.25663064e-06 
17701.500244 8.64420560e-06 
17711.500244 8.70963343e-06 
17721.500244 8.61464977e-06 
17731.500244 8.94841543e-06 
17741.500244 8.95398436e-06 
17751.500244 8.89554189e-06 
17761.500244 9.28218602e-06 
17771.500244 8.87187234e-06 
17781.500244 8.99168281e-06 
17791.500244 8.75803799e-06 
17801.500244 9.07903490e-06 
17811.500244 8.71070054e-06 
17821.500244 8.92875337e-06 
17831.500244 9.12374872e-06 
17841.500244 9.78550948e-06 
17851.500244 9.55590721e-06 
17861.500244 9.15470474e-06 
17871.500244 9.29129541e-06 
17881.500244 9.56316684e-06 
17891.500244 9.94051242e-06 
17901.500244 9.30685658e-06 
17911.500244 9.14554018e-06 
17921.500244 9.15851434e-06 
17931.500244 9.44819669e-06 
17941.500244 9.44621476e-06 
17951.500244 9.62316480e-06 
17961.500244 9.77242608e-06 
17971.500244 1.00349411e-05 
17981.500244 9.81666549e-06 
17991.500244 9.54294898e-06 
18001.500244 9.56686125e-06 
18011.500244 1.01260782e-05 
18021.500244 1.07208154e-05 
18031.500244 1.07258483e-05 
18041.500244 1.03845932e-05 
18051.500244 1.02989439e-05 
18061.500244 1.05450470e-05 
18071.500244 1.09585878e-05 
18081.500244 1.08042269e-05 
18091.500244 1.05312060e-05 
18101.500244 1.07117005e-05 
18111.500244 1.11592557e-05 
18121.500244 1.13475157e-05 
18131.500244 1.13955687e-05 
18141.500244 1.16202740e-05 
18151.500244 1.23384520e-05 
18161.500244 1.18398297e-05 
18171.500244 1.15528346e-05 
18181.500244 1.14352367e-05 
18191.500244 1.23671101e-05 
18201.500244 1.31214103e-05 
18211.500244 1.27454547e-05 
18221.500244 1.25541715e-05 
18231.500244 1.19962529e-05 
18241.500244 1.22714420e-05 
18251.500244 1.26454916e-05 
18261.500244 1.31027028e-05 
18271.500244 1.32579955e-05 
18281.500244 1.31164491e-05 
18291.500244 1.29971763e-05 
18301.500244 1.29368041e-05 
18311.500244 1.31689811e-05 
18321.500244 1.33189933e-05 
18331.500244 1.41403665e-05 
18341.500244 1.34751749e-05 
18351.500244 1.37710748e-05 
18361.500244 1.28490468e-05 
18371.500244 1.31865683e-05 
18381.500244 1.25377849e-05 
18391.500244 1.28630825e-05 
18401.500244 1.36188141e-05 
18411.500244 1.42659055e-05 
18421.500244 1.47226618e-05 
18431.500244 1.40299979e-05 
18441.500244 1.37706304e-05 
18451.500244 1.31419238e-05 
18461.500244 1.28473932e-05 
18471.500244 1.24891682e-05 
18481.500244 1.33420013e-05 
18491.500244 1.38680071e-05 
18501.500244 1.40436662e-05 
18511.500244 1.33342620e-05 
18521.500244 1.35072558e-05 
18531.500244 1.36672528e-05 
18541.500244 1.41156860e-05 
18551.500244 1.37247104e-05 
18561.500244 1.43914855e-05 
18571.500244 1.42126601e-05 
18581.500244 1.49054037e-05 
18591.500244 1.43260829e-05 
18601.500244 1.41598244e-05 
18611.500244 1.39488185e-05 
18621.500244 1.44209406e-05 
18631.500244 1.47900957e-05 
18641.500244 1.45894330e-05 
18651.500244 1.39791179e-05 
18661.500244 1.39510176e-05 
18671.500244 1.31553771e-05 
18681.500244 1.40839020e-05 
18691.500244 1.35447720e-05 
18701.500244 1.49415293e-05 
18711.500244 1.42934922e-05 
18721.500244 1.45725258e-05 
18731.500244 1.39094259e-05 
18741.500244 1.35735485e-05 
18751.500244 1.36229436e-05 
18761.500244 1.32226815e-05 
18771.500244 1.36262299e-05 
18781.500244 1.37582265e-05 
18791.500244 1.35076030e-05 
18801.500244 1.31174378e-05 
18811.500244 1.28642569e-05 
18821.500244 1.32063869e-05 
18831.500244 1.34718098e-05 
18841.500244 1.34812076e-05 
18851.500244 1.34561400e-05 
18861.500244 1.39216563e-05 
18871.500244 1.39429091e-05 
18881.500244 1.42294862e-05 
18891.500244 1.41766538e-05 
18901.500244 1.43541516e-05 
18911.500244 1.48554833e-05 
18921.500244 1.43834057e-05 
18931.500244 1.53102566e-05 
18941.500244 1.46660167e-05 
18951.500244 1.44593536e-05 
18961.500244 1.32272619e-05 
18971.500244 1.34743254e-05 
18981.500244 1.42682397e-05 
18991.500244 1.46570138e-05 
19001.500244 1.46063323e-05 
19011.500244 1.40387943e-05 
19021.500244 1.41946555e-05 
19031.500244 1.41374658e-05 
19041.500244 1.52085840e-05 
19051.500244 1.51999362e-05 
19061.500244 1.48795302e-05 
19071.500244 1.46424149e-05 
19081.500244 1.44028589e-05 
19091.500244 1.52949616e-05 
19101.500244 1.45545649e-05 
19111.500244 1.43782983e-05 
19121.500244 1.35032142e-05 
19131.500244 1.28573178e-05 
19141.500244 1.32338350e-05 
19151.500244 1.34058806e-05 
19161.500244 1.38880916e-05 
19171.500244 1.40337683e-05 
19181.500244 1.49292489e-05 
19191.500244 1.57333547e-05 
19201.500244 1.57583996e-05 
19211.500244 1.54161618e-05 
19221.500244 1.50555110e-05 
19231.500244 1.53947603e-05 
19241.500244 1.53917147e-05 
19251.500244 1.54044869e-05 
19261.500244 1.47976898e-05 
19271.500244 1.51705794e-05 
19281.500244 1.57932088e-05 
19291.500244 1.68514919e-05 
19301.500244 1.66206473e-05 
19311.500244 1.66540560e-05 
19321.500244 1.60367915e-05 
19331.500244 1.59702413e-05 
19341.500244 1.54571384e-05 
19351.500244 1.53302223e-05 
19361.500244 1.61014446e-05 
19371.500244 1.63287621e-05 
19381.500244 1.62170987e-05 
19391.500244 1.60655798e-05 
19401.500244 1.66878864e-05 
19411.500244 1.80082275e-05 
19421.500244 1.84066751e-05 
19431.500244 1.81835120e-05 
19441.500244 1.75412206e-05 
19451.500244 1.76004937e-05 
19461.500244 1.85692007e-05 
19471.500244 1.90779654e-05 
19481.500244 1.84451504e-05 
19491.500244 1.80453704e-05 
19501.500244 1.82896362e-05 
19511.500244 1.89071157e-05 
19521.500244 1.93693878e-05 
19531.500244 1.86121623e-05 
19541.500244 1.82982525e-05 
19551.500244 1.71777651e-05 
19561.500244 1.76084502e-05 
19571.500244 1.85106637e-05 
19581.500244 1.95242263e-05 
19591.500244 1.93224665e-05 
19601.500244 1.94346574e-05 
19611.500244 1.87770241e-05 
19621.500244 1.93567261e-05 
19631.500244 1.89337214e-05 
19641.500244 1.95806395e-05 
19651.500244 1.93884890e-05 
19661.500244 1.88994228e-05 
19671.500244 1.86484767e-05 
19681.500244 1.86087275e-05 
19691.500244 1.88933224e-05 
19701.500244 1.74691956e-05 
19711.500244 1.68527318e-05 
19721.500244 1.62966996e-05 
19731.500244 1.73165643e-05 
19741.500244 1.75526449e-05 
19751.500244 1.77666082e-05 
19761.500244 1.71364066e-05 
19771.500244 1.70279688e-05 
19781.500244 1.69643887e-05 
19791.500244 1.72654829e-05 
19801.500244 1.64896877e-05 
19811.500244 1.65510082e-05 
19821.500244 1.70197946e-05 
19831.500244 1.87542674e-05 
19841.500244 1.85577177e-05 
19851.500244 1.74309120e-05 
19861.500244 1.56360430e-05 
19871.500244 1.53924860e-05 
19881.500244 1.58661879e-05 
19891.500244 1.72104928e-05 
19901.500244 1.82044957e-05 
19911.500244 1.87300635e-05 
19921.500244 1.75337263e-05 
19931.500244 1.66148791e-05 
19941.500244 1.64440280e-05 
19951.500244 1.67045387e-05 
19961.500244 1.69299888e-05 
19971.500244 1.65533519e-05 
19981.500244 1.63884494e-05 
19991.500244 1.69242812e-05 
20001.500244 1.65081455e-05 
20011.500244 1.78348149e-05 
20021.500244 1.71663930e-05 
20031.500244 1.79509825e-05 
20041.500244 1.69275036e-05 
20051.500244 1.65869262e-05 
20061.500244 1.65981497e-05 
20071.500244 1.77572245e-05 
20081.500244 1.76385909e-05 
20091.500244 1.78914049e-05 
20101.500244 1.73537934e-05 
20111.500244 1.77118158e-05 
20121.500244 1.75478280e-05 
20131.500244 1.72007151e-05 
20141.500244 1.74319389e-05 
20151.500244 1.79454097e-05 
20161.500244 1.87710646e-05 
20171.500244 1.83760054e-05 
20181.500244 1.73343443e-05 
20191.500244 1.74867515e-05 
20201.500244 1.79926253e-05 
20211.500244 1.87599655e-05 
20221.500244 1.76786026e-05 
20231.500244 1.82674577e-05 
20241.500244 1.76399666e-05 
20251.500244 1.83559306e-05 
20261.500244 1.78626319e-05 
20271.500244 1.88293569e-05 
20281.500244 1.86619997e-05 
20291.500244 1.86915842e-05 
20301.500244 1.77726924e-05 
20311.500244 1.83296710e-05 
20321.500244 1.86382579e-05 
20331.500244 1.86440668e-05 
20341.500244 1.82635753e-05 
20351.500244 1.86702862e-05 
20361.500244 2.04002893e-05 
20371.500244 2.03387554e-05 
20381.500244 2.02491934e-05 
20391.500244 1.89833536e-05 
20401.500244 1.96214481e-05 
20411.500244 1.96810764e-05 
20421.500244 1.98900174e-05 
20431.500244 1.94743159e-05 
20441.500244 1.93582201e-05 
20451.500244 1.92591208e-05 
20461.500244 1.89510045e-05 
20471.500244 1.88666212e-05 
20481.499023 1.91915139e-05 
20491.499023 1.95390491e-05 
20501.499023 2.01450768e-05 
20511.499023 1.95429456e-05 
20521.499023 1.87626398e-05 
20531.499023 1.80336754e-05 
20541.499023 1.93404414e-05 
20551.499023 2.07324191e-05 
20561.499023 2.11860965e-05 
20571.499023 2.14155256e-05 
20581.499023 2.13936586e-05 
20591.499023 2.17278608e-05 
20601.499023 2.00231128e-05 
20611.499023 1.90691013e-05 
20621.499023 1.93963571e-05 
20631.499023 2.05118966e-05 
20641.499023 2.13424073e-05 
20651.499023 2.09100874e-05 
20661.499023 2.15940380e-05 
20671.499023 2.09089660e-05 
20681.499023 2.13663022e-05 
20691.499023 2.14722321e-05 
20701.499023 2.21998615e-05 
20711.499023 2.19757608e-05 
20721.499023 2.20846996e-05 
20731.499023 2.16163605e-05 
20741.499023 2.08003720e-05 
20751.499023 1.98922172e-05 
20761.499023 2.05070095e-05 
20771.499023 2.15887072e-05 
20781.499023 2.18788826e-05 
20791.499023 2.20643017e-05 
20801.499023 2.19152554e-05 
20811.499023 2.13133889e-05 
20821.499023 2.13041777e-05 
20831.499023 2.12251687e-05 
20841.499023 2.21118532e-05 
20851.499023 2.20452353e-05 
20861.499023 2.27524025e-05 
20871.499023 2.35918967e-05 
20881.499023 2.32557278e-05 
20891.499023 2.23379809e-05 
20901.499023 2.17377353e-05 
20911.499023 2.19520739e-05 
20921.499023 2.10101759e-05 
20931.499023 2.12686281e-05 
20941.499023 2.16957165e-05 
20951.499023 2.29993640e-05 
20961.499023 2.21720439e-05 
20971.499023 2.25286182e-05 
20981.499023 2.19188050e-05 
20991.499023 2.29904380e-05 
21001.499023 2.31823988e-05 
21011.499023 2.40424013e-05 
21021.499023 2.29333550e-05 
21031.499023 2.29363752e-05 
21041.499023 2.30745084e-05 
21051.499023 2.32541660e-05 
21061.499023 2.27915749e-05 
21071.499023 2.27929585e-05 
21081.499023 2.41458996e-05 
21091.499023 2.37361732e-05 
21101.499023 2.30431309e-05 
21111.499023 2.30062715e-05 
21121.499023 2.34594748e-05 
21131.499023 2.37110930e-05 
21141.499023 2.30101493e-05 
21151.499023 2.28017613e-05 
21161.499023 2.30345910e-05 
21171.499023 2.37982810e-05 
21181.499023 2.35216930e-05 
21191.499023 2.41814814e-05 
21201.499023 2.31240426e-05 
21211.499023 2.40804556e-05 
21221.499023 2.32519693e-05 
21231.499023 2.37503833e-05 
21241.499023 2.37403032e-05 
21251.499023 2.41114632e-05 
21261.499023 2.52996203e-05 
21271.499023 2.65186973e-05 
21281.499023 2.58803122e-05 
21291.499023 2.54158532e-05 
21301.499023 2.46530505e-05 
21311.499023 2.53480083e-05 
21321.499023 2.37233896e-05 
21331.499023 2.32191332e-05 
21341.499023 2.26397171e-05 
21351.499023 2.35596194e-05 
21361.499023 2.31789732e-05 
21371.499023 2.35725511e-05 
21381.499023 2.41616774e-05 
21391.499023 2.54484824e-05 
21401.499023 2.60276217e-05 
21411.499023 2.63273629e-05 
21421.499023 2.62111839e-05 
21431.499023 2.65025082e-05 
21441.499023 2.67571114e-05 
21451.499023 2.65248082e-05 
21461.499023 2.68557218e-05 
21471.499023 2.71354833e-05 
21481.499023 2.76475137e-05 
21491.499023 2.63493205e-05 
21501.499023 2.57695074e-05 
21511.499023 2.54708500e-05 
21521.499023 2.64731308e-05 
21531.499023 2.67395165e-05 
21541.499023 2.70375458e-05 
21551.499023 2.83727089e-05 
21561.499023 2.68837407e-05 
21571.499023 2.46248343e-05 
21581.499023 2.44254262e-05 
21591.499023 2.49620411e-05 
21601.499023 2.67990551e-05 
21611.499023 2.70479378e-05 
21621.499023 2.89005606e-05 
21631.499023 2.88908702e-05 
21641.499023 2.82562109e-05 
21651.499023 2.64210219e-05 
21661.499023 2.70836407e-05 
21671.499023 2.70816756e-05 
21681.499023 2.89672624e-05 
21691.499023 2.77599963e-05 
21701.499023 2.67878384e-05 
21711.499023 2.67751709e-05 
21721.499023 2.66756887e-05 
21731.499023 2.71679298e-05 
21741.499023 2.53844236e-05 
21751.499023 2.49038708e-05 
21761.499023 2.44888188e-05 
21771.499023 2.50187111e-05 
21781.499023 2.52611456e-05 
21791.499023 2.49314509e-05 
21801.499023 2.39592538e-05 
21811.499023 2.39095878e-05 
21821.499023 2.39900299e-05 
21831.499023 2.43926386e-05 
21841.499023 2.50378072e-05 
21851.499023 2.51788504e-05 
21861.499023 2.54084642e-05 
21871.499023 2.55444107e-05 
21881.499023 2.53996198e-05 
21891.499023 2.53767638e-05 
21901.499023 2.68407158e-05 
21911.499023 2.61215321e-05 
21921.499023 2.54830209e-05 
21931.499023 2.45914201e-05 
21941.499023 2.60806922e-05 
21951.499023 2.78691118e-05 
21961.499023 2.83855895e-05 
21971.499023 2.91046160e-05 
21981.499023 2.98311622e-05 
21991.499023 3.11666379e-05 
22001.499023 3.18607552e-05 
22011.499023 3.15872197e-05 
22021.499023 3.16252232e-05 
22031.499023 3.19823670e-05 
22041.499023 3.21786732e-05 
22051.499023 3.40407632e-05 
22061.499023 3.35834972e-05 
22071.499023 3.39444686e-05 
22081.499023 3.33007834e-05 
22091.499023 3.59630122e-05 
22101.499023 3.65519421e-05 
22111.499023 3.68461722e-05 
22121.499023 3.58194764e-05 
22131.499023 3.53981807e-05 
22141.499023 3.44010820e-05 
22151.499023 3.49953643e-05 
22161.499023 3.58052160e-05 
22171.499023 3.70608038e-05 
22181.499023 3.45411450e-05 
22191.499023 3.49167718e-05 
22201.499023 3.48722884e-05 
22211.499023 3.67203702e-05 
22221.499023 3.69425355e-05 
22231.499023 3.59480890e-05 
22241.499023 3.71481544e-05 
22251.499023 3.87095821e-05 
22261.499023 4.01101971e-05 
22271.499023 3.93471095e-05 
22281.499023 3.76486464e-05 
22291.499023 3.79513097e-05 
22301.499023 3.80098303e-05 
22311.499023 3.86237581e-05 
22321.499023 3.74957356e-05 
22331.499023 3.90824247e-05 
22341.499023 3.98331349e-05 
22351.499023 3.94165760e-05 
22361.499023 3.62704778e-05 
22371.499023 3.74305836e-05 
22381.499023 3.87614553e-05 
22391.499023 4.12243478e-05 
22401.499023 4.20141611e-05 
22411.499023 4.40893645e-05 
22421.499023 4.56123988e-05 
22431.499023 4.54867690e-05 
22441.499023 4.45120975e-05 
22451.499023 4.34017325e-05 
22461.499023 4.42440404e-05 
22471.499023 4.49452742e-05 
22481.499023 4.64523259e-05 
22491.499023 4.36477720e-05 
22501.499023 4.33558911e-05 
22511.499023 4.44077362e-05 
22521.499023 4.71248586e-05 
22531.499023 4.76788880e-05 
22541.499023 4.71429456e-05 
22551.499023 4.74045073e-05 
22561.499023 4.73809699e-05 
22571.499023 4.80977826e-05 
22581.499023 4.54847192e-05 
22591.499023 4.48910330e-05 
22601.499023 4.25566998e-05 
22611.499023 4.30526027e-05 
22621.499023 4.47892605e-05 
22631.499023 4.58333194e-05 
22641.499023 4.73180302e-05 
22651.499023 4.60349040e-05 
22661.499023 4.73269230e-05 
22671.499023 4.77810600e-05 
22681.499023 4.62384855e-05 
22691.499023 4.52308404e-05 
22701.499023 4.27838667e-05 
22711.499023 4.29482474e-05 
22721.499023 4.03730666e-05 
22731.499023 3.94609270e-05 
22741.499023 3.96496206e-05 
22751.499023 3.84721997e-05 
22761.499023 3.83730025e-05 
22771.499023 3.65979183e-05 
22781.499023 3.74257966e-05 
22791.499023 3.63184305e-05 
22801.499023 3.39434100e-05 
22811.499023 3.23880520e-05 
22821.499023 3.12383250e-05 
22831.499023 3.27155540e-05 
22841.499023 3.19410186e-05 
22851.499023 2.95690266e-05 
22861.499023 2.76641493e-05 
22871.499023 2.76451361e-05 
22881.499023 2.89955048e-05 
22891.499023 2.80978581e-05 
22901.499023 2.73727041e-05 
22911.499023 2.65270583e-05 
22921.499023 2.63023196e-05 
22931.499023 2.53648447e-05 
22941.499023 2.34382858e-05 
22951.499023 2.16728134e-05 
22961.499023 1.99083536e-05 
22971.499023 2.11474774e-05 
22981.499023 2.09260933e-05 
22991.499023 2.17880237e-05 
23001.499023 1.97423607e-05 
23011.499023 1.91919836e-05 
23021.499023 1.79544604e-05 
23031.499023 1.84736542e-05 
23041.499023 1.82735311e-05 
23051.499023 1.81701838e-05 
23061.499023 1.80668866e-05 
23071.499023 1.84826653e-05 
23081.499023 1.77320227e-05 
23091.499023 1.69898544e-05 
23101.499023 1.60290455e-05 
23111.499023 1.59170996e-05 
23121.499023 1.54047204e-05 
23131.499023 1.48603612e-05 
23141.499023 1.48444577e-05 
23151.499023 1.53348047e-05 
23161.499023 1.57864358e-05 
23171.499023 1.53142760e-05 
23181.499023 1.39553140e-05 
23191.499023 1.37159977e-05 
23201.499023 1.35393211e-05 
23211.499023 1.31869795e-05 
23221.499023 1.22790608e-05 
23231.499023 1.15776934e-05 
23241.499023 1.12573918e-05 
23251.499023 1.10872630e-05 
23261.499023 1.02701367e-05 
23271.499023 9.80662699e-06 
23281.499023 9.30662048e-06 
23291.499023 8.96147702e-06 
23301.499023 8.99737197e-06 
23311.499023 8.34916042e-06 
23321.499023 8.03776816e-06 
23331.499023 7.09464781e-06 
23341.499023 6.91365587e-06 
23351.499023 6.60995599e-06 
23361.499023 6.45370756e-06 
23371.499023 6.00135708e-06 
23381.499023 5.62205083e-06 
23391.499023 5.60561478e-06 
23401.499023 5.41782760e-06 
23411.499023 5.21651266e-06 
23421.499023 4.83895397e-06 
23431.499023 4.82859115e-06 
23441.499023 4.84798924e-06 
23451.499023 4.84112692e-06 
23461.499023 4.81061725e-06 
23471.499023 4.73801029e-06 
23481.499023 4.47301525e-06 
23491.499023 4.45084560e-06 
23501.499023 4.55208670e-06 
23511.499023 4.79727102e-06 
23521.499023 4.45260456e-06 
23531.499023 4.30022080e-06 
23541.499023 4.23074576e-06 
23551.499023 4.36399796e-06 
23561.499023 4.31513563e-06 
23571.499023 4.11634636e-06 
23581.499023 3.97223650e-06 
23591.499023 3.69878108e-06 
23601.499023 3.43006839e-06 
23611.499023 3.07882761e-06 
23621.499023 2.95256434e-06 
23631.499023 2.93687470e-06 
23641.499023 2.86515480e-06 
23651.499023 2.54315182e-06 
23661.499023 2.16719335e-06 
23671.499023 1.86554802e-06 
23681.499023 1.64049535e-06 
23691.499023 1.49119454e-06 
23701.499023 1.32625533e-06 
23711.499023 1.22253824e-06 
23721.499023 1.03613035e-06 
23731.499023 9.13834634e-07 
23741.499023 7.49014705e-07 
23751.499023 7.04907585e-07 
23761.499023 6.55616562e-07 
23771.499023 6.79346752e-07 
23781.499023 6.51851204e-07 
23791.499023 6.61673064e-07 
23801.499023 6.30666494e-07 
23811.499023 5.73830880e-07 
23821.499023 5.15582857e-07 
23831.499023 4.76571631e-07 
23841.499023 4.49381825e-07 
23851.499023 4.24501042e-07 
23861.499023 4.05868854e-07 
23871.499023 4.03395502e-07 
23881.499023 3.85213455e-07 
23891.499023 3.69404114e-07 
23901.499023 3.44534775e-07 
23911.499023 3.33115411e-07 
23921.499023 3.17711845e-07 
23931.499023 3.04242463e-07 
23941.499023 2.83131479e-07 
23951.499023 2.59262299e-07 
23961.499023 2.42001831e-07 
23971.499023 2.24687270e-07 
23981.499023 2.03310417e-07 
23991.499023 1.85779585e-07 
24001.499023 1.67057360e-07 
24011.499023 1.54035799e-07 
24021.499023 1.38002599e-07 
24031.499023 1.21321807e-07 
24041.499023 1.08282569e-07 
24051.499023 9.46805891e-08 
24061.499023 8.41354439e-08 
24071.499023 7.23709297e-08 
24081.499023 6.24683346e-08 
24091.499023 5.59680848e-08 
24101.499023 4.76593512e-08 
24111.499023 4.24334477e-08 
24121.499023 3.59003984e-08 
24131.499023 3.20787740e-08 
24141.499023 2.74241380e-08 
24151.499023 2.31926951e-08 
24161.499023 1.95650007e-08 
24171.499023 1.63438365e-08 
24181.499023 1.44356660e-08 
24191.499023 1.28622128e-08 
24201.499023 1.14868207e-08 
24211.499023 1.00365095e-08 
24221.499023 8.63557678e-09 
24231.499023 7.58984361e-09 
24241.499023 6.80692774e-09 
24251.499023 5.93408006e-09 
24261.499023 5.35653956e-09 
24271.499023 4.62650636e-09 
24281.499023 4.31968093e-09 
24291.499023 3.89741250e-09 
24301.499023 3.71837575e-09 
24311.499023 3.43647131e-09 
24321.499023 3.16747118e-09 
24331.499023 2.88504946e-09 
24341.499023 2.65081031e-09 
24351.499023 2.47337196e-09 
24361.499023 2.25588182e-09 
24371.499023 2.09325808e-09 
24381.499023 1.88568034e-09 
24391.499023 1.71989051e-09 
24401.499023 1.56492493e-09 
24411.499023 1.46549287e-09 
24421.499023 1.35889687e-09 
24431.499023 1.27148770e-09 
24441.499023 1.16528093e-09 
24451.499023 1.07012231e-09 
24461.499023 9.96103336e-10 
24471.499023 9.13586093e-10 
24481.499023 8.27139017e-10 
24491.499023 7.30903827e-10 
24501.499023 6.87873235e-10 
24511.499023 6.46673701e-10 
24521.499023 6.13780156e-10 
24531.499023 5.59456081e-10 
24541.499023 5.08909593e-10 
24551.499023 4.61306988e-10 
24561.499023 4.23284792e-10 
24571.499023 3.87325358e-10 
24581.499023 3.41310976e-10 
24591.499023 3.04715396e-10 
24601.499023 2.78410256e-10 
24611.499023 2.49152433e-10 
24621.499023 2.18165232e-10 
24631.499023 1.91331006e-10 
24641.499023 1.74432497e-10 
24651.499023 1.54857589e-10 
24661.499023 1.36390201e-10 
24671.499023 1.21006350e-10 
24681.499023 1.08852628e-10 
24691.499023 9.26357290e-11 
24701.499023 8.08290701e-11 
24711.499023 7.22656851e-11 
24721.499023 6.65211111e-11 
24731.499023 6.03056315e-11 
24741.499023 5.35120369e-11 
24751.499023 4.76593039e-11 
24761.499023 4.24670952e-11 
24771.499023 3.78798886e-11 
24781.499023 3.41653853e-11 
24791.499023 3.00508470e-11 
24801.499023 2.74185463e-11 
24811.499023 2.62920351e-11 
24821.499023 2.48783346e-11 
24831.499023 2.28951761e-11 
24841.499023 2.07692684e-11 
24851.499023 1.94168050e-11 
24861.499023 1.83524146e-11 
24871.499023 1.70105904e-11 
24881.499023 1.64827936e-11 
24891.499023 1.58378687e-11 
24901.499023 1.54514981e-11 
24911.499023 1.49854604e-11 
24921.499023 1.52853087e-11 
24931.499023 1.57711978e-11 
24941.499023 1.60837549e-11 
24951.499023 1.61395641e-11 
24961.499023 1.64148423e-11 
24971.499023 1.69019851e-11 
24981.499023 1.74682802e-11 
24991.499023 1.77546669e-11 
25001.499023 1.79942652e-11 
25011.499023 1.82269540e-11 
25021.499023 1.84959481e-11 
25031.499023 1.86140503e-11 
25041.499023 1.86372587e-11 
25051.499023 1.85084159e-11 
25061.499023 1.83114203e-11 
25071.499023 1.79714903e-11 
25081.499023 1.75001687e-11 
25091.499023 1.69781191e-11 
25101.499023 1.64066140e-11 
25111.499023 1.57680924e-11 
25121.499023 1.50346629e-11 
25131.499023 1.42798182e-11 
25141.499023 1.34972663e-11 
25151.499023 1.26564858e-11 
25161.499023 1.17883702e-11 
25171.499023 1.09417578e-11 
25181.499023 1.01617778e-11 
25191.499023 9.37265761e-12 
25201.499023 8.60059883e-12 
25211.499023 7.81988366e-12 
25221.499023 7.08166822e-12 
25231.499023 6.36454899e-12 
25241.499023 5.70241937e-12 
25251.499023 5.08079632e-12 
25261.499023 4.53546966e-12 
25271.499023 4.02440913e-12 
25281.499023 3.56756154e-12 
25291.499023 3.13835563e-12 
25301.499023 2.76720133e-12 
25311.499023 2.45232001e-12 
25321.499023 2.16380619e-12 
25331.499023 1.91196534e-12 
25341.499023 1.68620720e-12 
25351.499023 1.50959358e-12 
25361.499023 1.36249491e-12 
25371.499023 1.22858515e-12 
25381.499023 1.11590109e-12 
25391.499023 1.01979905e-12 
25401.499023 9.38338260e-13 
25411.499023 8.67251940e-13 
25421.499023 8.00639454e-13 
25431.499023 7.43394355e-13 
25441.499023 6.96444550e-13 
25451.499023 6.56018754e-13 
25461.499023 6.23810382e-13 
25471.499023 5.88629082e-13 
25481.499023 5.64809191e-13 
25491.499023 5.33083369e-13 
25501.499023 5.04095403e-13 
25511.499023 4.69792880e-13 
25521.499023 4.42609384e-13 
25531.499023 4.14811636e-13 
25541.499023 3.88428748e-13 
25551.499023 3.63920141e-13 
25561.499023 3.37815862e-13 
25571.499023 3.12149999e-13 
25581.499023 2.87667161e-13 
25591.499023 2.65852736e-13 
25601.499023 2.44430005e-13 
25611.499023 2.23393472e-13 
25621.499023 2.03682526e-13 
25631.499023 1.85356310e-13 
25641.499023 1.66859909e-13 
25651.499023 1.49636160e-13 
25661.499023 1.34616970e-13 
25671.499023 1.20142731e-13 
25681.499023 1.06831606e-13 
25691.499023 9.37500728e-14 
25701.499023 8.22355952e-14 
25711.499023 7.27396960e-14 
25721.499023 6.41551999e-14 
25731.499023 5.66101227e-14 
25741.499023 4.88487928e-14 
25751.499023 4.24181262e-14 
25761.499023 3.68308451e-14 
25771.499023 3.20305313e-14 
25781.499023 2.79505535e-14 
25791.499023 2.42614359e-14 
25801.499023 2.11511818e-14 
25811.499023 1.82310742e-14 
25821.499023 1.56980607e-14 
25831.499023 1.36111335e-14 
25841.499023 1.18699907e-14 
25851.499023 1.04015446e-14 
25861.499023 9.02938675e-15 
25871.499023 7.94613189e-15 
25881.499023 6.90389051e-15 
25891.499023 6.05592126e-15 
25901.499023 5.25375327e-15 
25911.499023 4.65680136e-15 
25921.499023 4.12539416e-15 
25931.499023 3.60098251e-15 
25941.499023 3.18895503e-15 
25951.499023 2.77031875e-15 
25961.499023 2.43084820e-15 
25971.499023 2.14874063e-15 
25981.499023 1.92655409e-15 
25991.499023 1.73465972e-15 
