5502.000122 4.26305973e-10 
5512.000122 2.89113281e-10 
5522.000122 4.42052119e-10 
5532.000122 6.29115956e-10 
5542.000122 6.79127509e-10 
5552.000122 5.57570222e-10 
5562.000122 5.27151810e-10 
5572.000122 5.92506606e-10 
5582.000122 3.45209904e-10 
5592.000122 1.73756393e-10 
5602.000122 2.33386444e-10 
5612.000122 2.35538684e-10 
5622.000122 3.27951827e-10 
5632.000122 2.74444951e-10 
5642.000122 5.04129943e-10 
5652.000122 8.58587481e-10 
5662.000122 1.06993991e-09 
5672.000122 1.69835813e-09 
5682.000122 1.86006221e-09 
5692.000122 2.51325585e-09 
5702.000122 1.76976494e-09 
5712.000122 1.57600478e-09 
5722.000122 9.84588583e-10 
5732.000122 1.86778389e-09 
5742.000122 2.12774827e-09 
5752.000122 1.76001460e-09 
5762.000122 2.67672644e-09 
5772.000122 2.22615729e-09 
5782.000122 2.86357490e-09 
5792.000122 1.57965870e-09 
5802.000122 2.29518308e-09 
5812.000122 1.78633045e-09 
5822.000122 2.57415280e-09 
5832.000122 2.67896845e-09 
5842.000122 3.31493132e-09 
5852.000122 4.71458885e-09 
5862.000122 6.07340504e-09 
5872.000122 7.49075092e-09 
5882.000122 5.95535762e-09 
5892.000122 6.21694067e-09 
5902.000122 7.73174019e-09 
5912.000122 9.11948167e-09 
5922.000122 9.33446887e-09 
5932.000122 8.60531900e-09 
5942.000122 1.12299877e-08 
5952.000122 1.24432036e-08 
5962.000122 1.24639057e-08 
5972.000122 1.09610566e-08 
5982.000122 1.24424511e-08 
5992.000122 1.53578637e-08 
6002.000122 1.88277821e-08 
6012.000122 3.15716061e-08 
6022.000122 5.62892281e-08 
6032.000122 9.12960228e-08 
6042.000122 1.21553188e-07 
6052.000122 1.45535175e-07 
6062.000122 1.61424173e-07 
6072.000122 1.71427626e-07 
6082.000122 1.72903697e-07 
6092.000122 1.70654958e-07 
6102.000122 1.80302414e-07 
6112.000122 2.15520507e-07 
6122.000122 2.80333189e-07 
6132.000122 3.69694875e-07 
6142.000122 4.70627454e-07 
6152.000122 5.51729164e-07 
6162.000122 5.88034576e-07 
6172.000122 5.85162640e-07 
6182.000122 6.00147889e-07 
6192.000122 6.99597573e-07 
6202.000122 9.33201747e-07 
6212.000122 1.28070395e-06 
6222.000122 1.66012222e-06 
6232.000122 1.94175532e-06 
6242.000122 2.03185645e-06 
6252.000122 1.90457498e-06 
6262.000122 1.60125373e-06 
6272.000122 1.23393613e-06 
6282.000122 8.98817854e-07 
6292.000122 6.69167111e-07 
6302.000122 5.34750988e-07 
6312.000122 4.56249705e-07 
6322.000122 4.02175758e-07 
6332.000122 3.63766626e-07 
6342.000122 3.44664312e-07 
6352.000122 3.41303233e-07 
6362.000122 3.44153444e-07 
6372.000122 3.42022788e-07 
6382.000122 3.18242864e-07 
6392.000122 2.80095204e-07 
6402.000122 2.32549843e-07 
6412.000122 1.89049116e-07 
6422.000122 1.52622924e-07 
6432.000122 1.25574218e-07 
6442.000122 1.07990771e-07 
6452.000122 9.50810078e-08 
6462.000122 9.33696897e-08 
6472.000122 9.53736588e-08 
6482.000122 9.64839347e-08 
6492.000122 9.41687068e-08 
6502.000122 9.26872605e-08 
6512.000122 1.00185417e-07 
6522.000122 9.68732658e-08 
6532.000122 9.41511129e-08 
6542.000122 9.19772607e-08 
6552.000122 9.77597261e-08 
6562.000122 1.09386510e-07 
6572.000122 1.11846352e-07 
6582.000122 1.04745910e-07 
6592.000122 9.64962690e-08 
6602.000122 9.62030957e-08 
6612.000122 1.03575996e-07 
6622.000122 1.13065114e-07 
6632.000122 1.15669180e-07 
6642.000122 1.22353654e-07 
6652.000122 1.24079826e-07 
6662.000122 1.26416350e-07 
6672.000122 1.36612815e-07 
6682.000122 1.50588573e-07 
6692.000122 1.61769079e-07 
6702.000122 1.58188528e-07 
6712.000122 1.53769170e-07 
6722.000122 1.54134737e-07 
6732.000122 1.55589657e-07 
6742.000122 1.56640406e-07 
6752.000122 1.60666175e-07 
6762.000122 1.69933091e-07 
6772.000122 1.70469760e-07 
6782.000122 1.66504995e-07 
6792.000122 1.65118582e-07 
6802.000122 1.65249150e-07 
6812.000122 1.56608800e-07 
6822.000122 1.53535861e-07 
6832.000122 1.40491143e-07 
6842.000122 1.36208198e-07 
6852.000122 1.27050782e-07 
6862.000122 1.29512720e-07 
6872.000122 1.38739170e-07 
6882.000122 1.55836410e-07 
6892.000122 1.74776591e-07 
6902.000122 1.75329027e-07 
6912.000122 1.73629119e-07 
6922.000122 1.61188718e-07 
6932.000122 1.67314467e-07 
6942.000122 1.68872785e-07 
6952.000122 1.68641451e-07 
6962.000122 1.60187233e-07 
6972.000122 1.44616796e-07 
6982.000122 1.38036395e-07 
6992.000122 1.34381914e-07 
7002.000122 1.31234535e-07 
7012.000122 1.41310163e-07 
7022.000122 1.44099684e-07 
7032.000122 1.52395656e-07 
7042.000122 1.48484170e-07 
7052.000122 1.55415146e-07 
7062.000122 1.52175714e-07 
7072.000122 1.48169605e-07 
7082.000122 1.46223329e-07 
7092.000122 1.62712377e-07 
7102.000122 1.78022267e-07 
7112.000122 1.68346630e-07 
7122.000122 1.55555032e-07 
7132.000122 1.37904201e-07 
7142.000122 1.36861067e-07 
7152.000122 1.14535294e-07 
7162.000122 9.86190788e-08 
7172.000122 1.00485540e-07 
7182.000122 1.02218108e-07 
7192.000122 1.15294273e-07 
7202.000122 1.19367563e-07 
7212.000122 1.50333756e-07 
7222.000122 1.49887144e-07 
7232.000122 1.47518259e-07 
7242.000122 1.15139869e-07 
7252.000122 1.16062191e-07 
7262.000122 1.13628416e-07 
7272.000122 1.35326604e-07 
7282.000122 1.35794422e-07 
7292.000122 1.39665181e-07 
7302.000122 1.51351540e-07 
7312.000122 1.62151352e-07 
7322.000122 1.78033736e-07 
7332.000122 1.72941809e-07 
7342.000122 1.88365903e-07 
7352.000122 1.83559951e-07 
7362.000122 1.91477860e-07 
7372.000122 1.83344955e-07 
7382.000122 1.78862976e-07 
7392.000122 1.65700936e-07 
7402.000122 1.49260180e-07 
7412.000122 1.62132336e-07 
7422.000122 1.70329823e-07 
7432.000122 1.65263530e-07 
7442.000122 1.31084121e-07 
7452.000122 9.30553369e-08 
7462.000122 8.82592343e-08 
7472.000122 1.05938878e-07 
7482.000122 1.35395351e-07 
7492.000122 1.40883502e-07 
7502.000122 1.62969005e-07 
7512.000122 1.67077119e-07 
7522.000122 1.93667686e-07 
7532.000122 1.47496515e-07 
7542.000122 1.47701584e-07 
7552.000122 1.43968040e-07 
7562.000122 1.75169999e-07 
7572.000122 1.89190071e-07 
7582.000122 1.91594154e-07 
7592.000122 1.77627568e-07 
7602.000122 1.68849102e-07 
7612.000122 1.47597299e-07 
7622.000122 1.43684446e-07 
7632.000122 1.39433486e-07 
7642.000122 1.42674609e-07 
7652.000122 1.56594098e-07 
7662.000122 1.46584955e-07 
7672.000122 1.39307439e-07 
7682.000122 1.34976245e-07 
7692.000122 1.50272211e-07 
7702.000122 1.63559212e-07 
7712.000122 1.75716916e-07 
7722.000122 1.45415981e-07 
7732.000122 1.09932193e-07 
7742.000122 8.70859496e-08 
7752.000122 1.44894724e-07 
7762.000122 1.45165243e-07 
7772.000122 1.52478791e-07 
7782.000122 7.52617377e-08 
7792.000122 1.23199475e-07 
7802.000122 1.69270841e-07 
7812.000122 1.92455969e-07 
7822.000122 1.80627717e-07 
7832.000122 1.19895060e-07 
7842.000122 9.94635462e-08 
7852.000122 8.45259927e-08 
7862.000122 6.34030340e-08 
7872.000122 7.90448894e-08 
7882.000122 5.72357496e-08 
7892.000122 6.41898561e-08 
7902.000122 3.24937865e-08 
7912.000122 2.32111880e-08 
7922.000122 1.96949015e-08 
7932.000122 4.91162272e-08 
7942.000122 4.51860638e-08 
7952.000122 5.91857520e-08 
7962.000122 9.67646666e-08 
7972.000122 9.69641177e-08 
7982.000122 7.13928985e-08 
7992.000122 1.04732577e-08 
8002.000122 8.94895733e-09 
8012.000122 7.93435306e-09 
8022.000122 2.18376220e-09 
8032.000122 8.41965337e-10 
8042.000122 1.50440890e-09 
8052.000122 6.92094315e-10 
8062.000122 6.96042160e-10 
8072.000122 1.03663442e-08 
8082.000122 1.03956279e-08 
8092.000122 1.04208021e-08 
8102.000122 9.14990443e-09 
8112.000122 1.77564507e-08 
8122.000122 4.22970959e-08 
8132.000122 3.82470557e-08 
8142.000122 2.96724758e-08 
8152.000122 5.09524255e-09 
8162.000122 1.55965187e-08 
8172.000122 1.82353814e-08 
8182.000122 2.05594490e-08 
8192.000122 4.96568761e-09 
8202.000122 2.33668758e-09 
8212.000122 7.80180519e-09 
8222.000122 7.81060634e-09 
8232.000122 2.08537069e-08 
8242.000122 2.10284467e-08 
8252.000122 3.35998035e-08 
8262.000122 4.13853654e-08 
8272.000122 3.44456525e-08 
8282.000122 3.00064876e-08 
8292.000122 1.40176666e-08 
8302.000122 3.15503548e-08 
8312.000122 3.44237634e-08 
8322.000122 3.25049642e-08 
8332.000122 4.40088362e-08 
8342.000122 4.19168632e-08 
8352.000122 3.95372405e-08 
8362.000122 1.93856865e-08 
8372.000122 2.06538396e-08 
8382.000122 2.12449942e-08 
8392.000122 2.97621516e-08 
8402.000122 2.88826966e-08 
8412.000122 4.63100169e-08 
8422.000122 2.78218015e-08 
8432.000122 2.15800774e-08 
8442.000122 3.03891472e-09 
8452.000122 3.04383045e-09 
8462.000122 1.36095238e-08 
8472.000122 2.61002097e-08 
8482.000122 2.61249193e-08 
8492.000122 3.72147071e-08 
8502.000122 2.47810672e-08 
8512.000122 3.42263719e-08 
8522.000122 2.96212728e-08 
8532.000122 2.96828551e-08 
8542.000122 2.02654111e-08 
8552.000122 3.01103583e-11 
8562.000122 1.72158734e-08 
8572.000122 1.72516963e-08 
8582.000122 1.72786218e-08 
8592.000122 2.46586263e-08 
8602.000122 2.47004889e-08 
8612.000122 4.16678459e-08 
8622.000122 2.59328041e-08 
8632.000122 2.90777796e-08 
8642.000122 1.20789019e-08 
8652.000122 3.14093093e-09 
8662.000122 1.81056105e-08 
8672.000122 2.19679589e-08 
8682.000122 2.19758263e-08 
8692.000122 2.16545821e-08 
8702.000122 3.69309000e-08 
8712.000122 9.73288574e-08 
8722.000122 1.08781841e-07 
8732.000122 8.96569740e-08 
8742.000122 2.91734985e-08 
8752.000122 4.53545896e-08 
8762.000122 4.54044201e-08 
8772.000122 7.16708841e-08 
8782.000122 2.62484808e-08 
8792.000122 7.84562057e-08 
8802.000122 5.22554151e-08 
8812.000122 1.37158415e-07 
8822.000122 8.48172443e-08 
8832.000122 8.48556689e-08 
8842.000122 3.10587958e-11 
8852.000122 2.45320388e-08 
8862.000122 9.39655131e-08 
8872.000122 1.34893237e-07 
8882.000122 1.10399452e-07 
8892.000122 4.09085861e-08 
8902.000122 7.49647438e-08 
8912.000122 7.51610896e-08 
8922.000122 7.52463138e-08 
8932.000122 3.14159480e-11 
8942.000122 3.14622388e-11 
8952.000122 1.75041114e-07 
8962.000122 5.40559269e-07 
8972.000122 5.40395725e-07 
8982.000122 3.89169543e-07 
8992.000122 4.09898987e-08 
9002.000122 7.88811500e-08 
9012.000122 6.55273700e-08 
9022.000122 7.18080454e-08 
9032.000122 3.99845794e-08 
9042.000122 6.47807792e-08 
9052.000122 5.75778100e-08 
9062.000122 5.16098969e-08 
9072.000122 6.58038399e-08 
9082.000122 8.47041761e-08 
9092.000122 9.48574699e-08 
9102.000122 6.52037639e-08 
9112.000122 3.10684586e-08 
9122.000122 2.55931659e-08 
9132.000122 2.85271917e-08 
9142.000122 4.92717085e-08 
9152.000122 6.21810653e-08 
9162.000122 4.71916153e-08 
9172.000122 4.65920087e-08 
9182.000122 2.91646689e-08 
9192.000122 6.88899162e-08 
9202.000122 4.75807800e-08 
9212.000122 9.29648278e-08 
9222.000122 7.00968103e-08 
9232.000122 7.00498075e-08 
9242.000122 4.16142496e-08 
9252.000122 3.71523649e-08 
9262.000122 5.18696755e-08 
9272.000122 4.34199191e-08 
9282.000122 5.19088830e-08 
9292.000122 3.72146140e-08 
9302.000122 6.18535020e-08 
9312.000122 4.81743757e-08 
9322.000122 8.83459047e-08 
9332.000122 8.48781007e-08 
9342.000122 8.80941757e-08 
9352.000122 5.55950090e-08 
9362.000122 2.76825880e-08 
9372.000122 4.25608487e-08 
9382.000122 3.65389259e-08 
9392.000122 5.77143048e-08 
9402.000122 4.04009768e-08 
9412.000122 8.49884659e-08 
9422.000122 7.34941184e-08 
9432.000122 6.70070605e-08 
9442.000122 6.80659574e-08 
9452.000122 1.07783142e-07 
9462.000122 1.40236376e-07 
9472.000122 1.66527732e-07 
9482.000122 1.53717412e-07 
9492.000122 1.95049470e-07 
9502.000122 1.93447649e-07 
9512.000122 2.39035489e-07 
9522.000122 2.60061363e-07 
9532.000122 2.43213006e-07 
9542.000122 2.50828221e-07 
9552.000122 2.57841272e-07 
9562.000122 3.40356473e-07 
9572.000122 4.14666428e-07 
9582.000122 5.34419729e-07 
9592.000122 6.81187574e-07 
9602.000122 8.71499235e-07 
9612.000122 1.09747803e-06 
9622.000122 1.35436824e-06 
9632.000122 1.62468583e-06 
9642.000122 1.88394688e-06 
9652.000122 2.16485756e-06 
9662.000122 2.48312520e-06 
9672.000122 2.92933735e-06 
9682.000122 3.48232809e-06 
9692.000122 4.20446159e-06 
9702.000122 5.01032088e-06 
9712.000122 5.95184701e-06 
9722.000122 6.91893763e-06 
9732.000122 7.89212672e-06 
9742.000122 8.79048609e-06 
9752.000122 9.67260846e-06 
9762.000122 1.05759177e-05 
9772.000122 1.16766360e-05 
9782.000122 1.30976865e-05 
9792.000122 1.50311351e-05 
9802.000122 1.76348881e-05 
9812.000122 2.11478415e-05 
9822.000122 2.59055984e-05 
9832.000122 3.22266430e-05 
9842.000122 4.03868576e-05 
9852.000122 5.07966872e-05 
9862.000122 6.34952755e-05 
9872.000122 7.87029678e-05 
9882.000122 9.64730726e-05 
9892.000122 1.16806455e-04 
9902.000122 1.39914750e-04 
9912.000122 1.65641574e-04 
9922.000122 1.94667783e-04 
9932.000122 2.27798372e-04 
9942.000122 2.66434209e-04 
9952.000122 3.12148073e-04 
9962.000122 3.69171732e-04 
9972.000122 4.42097049e-04 
9982.000122 1.30069071e-02 
9992.000122 2.70755969e-02 
10002.000122 4.28147856e-02 
10012.000122 4.76831998e-02 
10022.000122 5.34746908e-02 
10032.000122 5.94043251e-02 
10042.000122 6.67910334e-02 
10052.000122 7.49599400e-02 
10062.000122 8.55467778e-02 
10072.000122 9.73747352e-02 
10082.000122 1.10892847e-01 
10092.000122 1.25959620e-01 
10102.000122 1.42038617e-01 
10112.000122 1.59726625e-01 
10122.000122 1.77810127e-01 
10132.000122 1.96057078e-01 
10142.000122 2.12324326e-01 
10152.000122 2.26329874e-01 
10162.000122 2.36459743e-01 
10172.000122 2.43699602e-01 
10182.000122 2.47439469e-01 
10192.000122 2.49630420e-01 
10202.000122 2.49793700e-01 
10212.000122 2.50261666e-01 
10222.000122 2.50079070e-01 
10232.000122 2.50113573e-01 
10241.999512 2.49845895e-01 
10251.999512 2.50314327e-01 
10261.999512 2.50756527e-01 
10271.999512 2.51705509e-01 
10281.999512 2.52747196e-01 
10291.999512 2.53877565e-01 
10301.999512 2.55082683e-01 
10311.999512 2.56275213e-01 
10321.999512 2.58663700e-01 
10331.999512 2.60133280e-01 
10341.999512 2.62402238e-01 
10351.999512 2.63988411e-01 
10361.999512 2.65626874e-01 
10371.999512 2.65954568e-01 
10381.999512 2.67705632e-01 
10391.999512 2.69277514e-01 
10401.999512 2.70916936e-01 
10411.999512 2.71162672e-01 
10421.999512 2.71870393e-01 
10431.999512 2.71918787e-01 
10441.999512 2.72390634e-01 
10451.999512 2.73165618e-01 
10461.999512 2.74092735e-01 
10471.999512 2.74926694e-01 
10481.999512 2.75897905e-01 
10491.999512 2.76496881e-01 
10501.999512 2.77265647e-01 
10511.999512 2.78808772e-01 
10521.999512 2.80158751e-01 
10531.999512 2.80862079e-01 
10541.999512 2.81872038e-01 
10551.999512 2.82427403e-01 
10561.999512 2.82448353e-01 
10571.999512 2.81722085e-01 
10581.999512 2.81734322e-01 
10591.999512 2.81669800e-01 
10601.999512 2.80976026e-01 
10611.999512 2.80240001e-01 
10621.999512 2.79373385e-01 
10631.999512 2.78057568e-01 
10641.999512 2.77150450e-01 
10651.999512 2.76084836e-01 
10661.999512 2.75617787e-01 
10671.999512 2.73528530e-01 
10681.999512 2.72127109e-01 
10691.999512 2.70208979e-01 
10701.999512 2.68115906e-01 
10711.999512 2.66500857e-01 
10721.999512 2.65164522e-01 
10731.999512 2.63776517e-01 
10741.999512 2.61777510e-01 
10751.999512 2.60488018e-01 
10761.999512 2.59950012e-01 
10771.999512 2.58909911e-01 
10781.999512 2.58744991e-01 
10791.999512 2.58554567e-01 
10801.999512 2.58547908e-01 
10811.999512 2.58841335e-01 
10821.999512 2.59810019e-01 
10831.999512 2.60175338e-01 
10841.999512 2.61000439e-01 
10851.999512 2.61726462e-01 
10861.999512 2.63637645e-01 
10871.999512 2.64795093e-01 
10881.999512 2.66784698e-01 
10891.999512 2.68692212e-01 
10901.999512 2.71332875e-01 
10911.999512 2.73475019e-01 
10921.999512 2.76083625e-01 
10931.999512 2.78459103e-01 
10941.999512 2.80850274e-01 
10951.999512 2.83038538e-01 
10961.999512 2.84887895e-01 
10971.999512 2.87614947e-01 
10981.999512 2.89655271e-01 
10991.999512 2.91704026e-01 
11001.999512 2.92502442e-01 
11011.999512 2.93558318e-01 
11021.999512 2.94458863e-01 
11031.999512 2.95634581e-01 
11041.999512 2.96495776e-01 
11051.999512 2.97422391e-01 
11061.999512 2.97473488e-01 
11071.999512 2.97570769e-01 
11081.999512 2.97381489e-01 
11091.999512 2.96802658e-01 
11101.999512 2.97083382e-01 
11111.999512 2.97143029e-01 
11121.999512 2.97468494e-01 
11131.999512 2.96901358e-01 
11141.999512 2.96792246e-01 
11151.999512 2.96629057e-01 
11161.999512 2.95919820e-01 
11171.999512 2.95169495e-01 
11181.999512 2.94505609e-01 
11191.999512 2.94096434e-01 
11201.999512 2.94066563e-01 
11211.999512 2.93177830e-01 
11221.999512 2.92789137e-01 
11231.999512 2.91573117e-01 
11241.999512 2.91861206e-01 
11251.999512 2.92159073e-01 
11261.999512 2.93212860e-01 
11271.999512 2.93692153e-01 
11281.999512 2.94893852e-01 
11291.999512 2.95714737e-01 
11301.999512 2.97111161e-01 
11311.999512 2.97850980e-01 
11321.999512 2.99503452e-01 
11331.999512 3.00484698e-01 
11341.999512 3.01965935e-01 
11351.999512 3.02931216e-01 
11361.999512 3.04167100e-01 
11371.999512 3.05710896e-01 
11381.999512 3.06705395e-01 
11391.999512 3.08089288e-01 
11401.999512 3.08643592e-01 
11411.999512 3.10689739e-01 
11421.999512 3.12811885e-01 
11431.999512 3.14893439e-01 
11441.999512 3.17226297e-01 
11451.999512 3.19356040e-01 
11461.999512 3.20798375e-01 
11471.999512 3.22466800e-01 
11481.999512 3.23978874e-01 
11491.999512 3.26102223e-01 
11501.999512 3.27771599e-01 
11511.999512 3.29587815e-01 
11521.999512 3.31583781e-01 
11531.999512 3.32743870e-01 
11541.999512 3.34214051e-01 
11551.999512 3.36025037e-01 
11561.999512 3.37922589e-01 
11571.999512 3.40138414e-01 
11581.999512 3.41633674e-01 
11591.999512 3.44080367e-01 
11601.999512 3.45097164e-01 
11611.999512 3.46778556e-01 
11621.999512 3.47887507e-01 
11631.999512 3.49731648e-01 
11641.999512 3.50885104e-01 
11651.999512 3.51825564e-01 
11661.999512 3.52587611e-01 
11671.999512 3.53640802e-01 
11681.999512 3.54203600e-01 
11691.999512 3.54500580e-01 
11701.999512 3.54796989e-01 
11711.999512 3.55087932e-01 
11721.999512 3.55520163e-01 
11731.999512 3.55476761e-01 
11741.999512 3.55895961e-01 
11751.999512 3.56680854e-01 
11761.999512 3.56262760e-01 
11771.999512 3.56678211e-01 
11781.999512 3.56103103e-01 
11791.999512 3.55688296e-01 
11801.999512 3.55165044e-01 
11811.999512 3.55560823e-01 
11821.999512 3.56452923e-01 
11831.999512 3.56068857e-01 
11841.999512 3.55580201e-01 
11851.999512 3.55000429e-01 
11861.999512 3.54557052e-01 
11871.999512 3.53274668e-01 
11881.999512 3.52952601e-01 
11891.999512 3.53379473e-01 
11901.999512 3.54129472e-01 
11911.999512 3.53556776e-01 
11921.999512 3.51653139e-01 
11931.999512 3.51250893e-01 
11941.999512 3.50407631e-01 
11951.999512 3.49656210e-01 
11961.999512 3.48510721e-01 
11971.999512 3.48265214e-01 
11981.999512 3.48141332e-01 
11991.999512 3.48057096e-01 
12001.999512 3.47851797e-01 
12011.999512 3.48441688e-01 
12021.999512 3.48580361e-01 
12031.999512 3.47940861e-01 
12041.999512 3.48250389e-01 
12051.999512 3.48136468e-01 
12061.999512 3.48114822e-01 
12071.999512 3.47987656e-01 
12081.999512 3.47981887e-01 
12091.999512 3.49295859e-01 
12101.999512 3.48868861e-01 
12111.999512 3.49475932e-01 
12121.999512 3.49036807e-01 
12131.999512 3.50035561e-01 
12141.999512 3.50019614e-01 
12151.999512 3.50719699e-01 
12161.999512 3.50468368e-01 
12171.999512 3.50672626e-01 
12181.999512 3.51778791e-01 
12191.999512 3.52702860e-01 
12201.999512 3.53763130e-01 
12211.999512 3.54926460e-01 
12221.999512 3.56914700e-01 
12231.999512 3.58572854e-01 
12241.999512 3.59668528e-01 
12251.999512 3.61007824e-01 
12261.999512 3.62873128e-01 
12271.999512 3.64876768e-01 
12281.999512 3.66437333e-01 
12291.999512 3.67684616e-01 
12301.999512 3.69452088e-01 
12311.999512 3.70529454e-01 
12321.999512 3.72297330e-01 
12331.999512 3.72861053e-01 
12341.999512 3.74457256e-01 
12351.999512 3.75314755e-01 
12361.999512 3.76234070e-01 
12371.999512 3.76928108e-01 
12381.999512 3.77538790e-01 
12391.999512 3.77741002e-01 
12401.999512 3.78880244e-01 
12411.999512 3.79576547e-01 
12421.999512 3.81415722e-01 
12431.999512 3.82109884e-01 
12441.999512 3.83525049e-01 
12451.999512 3.84448054e-01 
12461.999512 3.85256401e-01 
12471.999512 3.85405728e-01 
12481.999512 3.86051485e-01 
12491.999512 3.87126783e-01 
12501.999512 3.87687563e-01 
12511.999512 3.89173305e-01 
12521.999512 3.90086334e-01 
12531.999512 3.90978455e-01 
12541.999512 3.90821153e-01 
12551.999512 3.90562873e-01 
12561.999512 3.90757582e-01 
12571.999512 3.91617205e-01 
12581.999512 3.91690142e-01 
12591.999512 3.92122074e-01 
12601.999512 3.91841683e-01 
12611.999512 3.92166197e-01 
12621.999512 3.92244757e-01 
12631.999512 3.92015079e-01 
12641.999512 3.91842396e-01 
12651.999512 3.91981736e-01 
12661.999512 3.91039896e-01 
12671.999512 3.91072987e-01 
12681.999512 3.90528961e-01 
12691.999512 3.90181434e-01 
12701.999512 3.87885319e-01 
12711.999512 3.84597848e-01 
12721.999512 3.79250502e-01 
12731.999512 3.73197633e-01 
12741.999512 3.64032829e-01 
12751.999512 3.52237383e-01 
12761.999512 3.35259010e-01 
12771.999512 3.14971802e-01 
12781.999512 2.90358940e-01 
12791.999512 2.63072424e-01 
12801.999512 2.34054313e-01 
12811.999512 2.05486165e-01 
12821.999512 1.78413083e-01 
12831.999512 1.54184008e-01 
12841.999512 1.32806696e-01 
12851.999512 1.14376728e-01 
12861.999512 9.79352842e-02 
12871.999512 8.41572756e-02 
12881.999512 7.20675564e-02 
12891.999512 6.25324452e-02 
12901.999512 5.43058313e-02 
12911.999512 4.76394056e-02 
12921.999512 4.16098463e-02 
12931.999512 3.68859684e-02 
12941.999512 3.25704864e-02 
12951.999512 2.90411729e-02 
12961.999512 2.54239624e-02 
12971.999512 2.18652139e-02 
12981.999512 1.82125175e-02 
12991.999512 1.49378958e-02 
13001.999512 1.21744724e-02 
13011.999512 9.86614446e-03 
13021.999512 7.99853074e-03 
13031.999512 6.48383089e-03 
13041.999512 5.28762722e-03 
13051.999512 4.30647467e-03 
13061.999512 3.51159944e-03 
13071.999512 2.87280174e-03 
13081.999512 2.36754984e-03 
13091.999512 1.96509815e-03 
13101.999512 1.63682578e-03 
13111.999512 1.36708666e-03 
13121.999512 1.14643605e-03 
13131.999512 9.68961831e-04 
13141.999512 8.18760457e-04 
13151.999512 6.94682310e-04 
13161.999512 5.90008371e-04 
13171.999512 5.03628194e-04 
13181.999512 4.31423358e-04 
13191.999512 3.70328199e-04 
13201.999512 3.18189857e-04 
13211.999512 2.75165831e-04 
13221.999512 2.38960559e-04 
13231.999512 2.08668060e-04 
13241.999512 1.82193348e-04 
13251.999512 1.59001647e-04 
13261.999512 1.39811160e-04 
13271.999512 1.22978563e-04 
13281.999512 1.08654922e-04 
13291.999512 9.52599242e-05 
13301.999512 8.48132423e-05 
13311.999512 7.54387761e-05 
13321.999512 6.75299135e-05 
13331.999512 6.02305258e-05 
13341.999512 5.41532289e-05 
13351.999512 4.84487122e-05 
13361.999512 4.35543734e-05 
13371.999512 3.92962399e-05 
13381.999512 3.55793364e-05 
13391.999512 3.22273924e-05 
13401.999512 2.93019440e-05 
13411.999512 2.68653920e-05 
13421.999512 2.47463579e-05 
13431.999512 2.28532382e-05 
13441.999512 2.12314826e-05 
13451.999512 1.94210759e-05 
13461.999512 1.76030741e-05 
13471.999512 1.63772446e-05 
13481.999512 1.51227761e-05 
13491.999512 1.38205798e-05 
13501.999512 1.24993063e-05 
13511.999512 1.18427300e-05 
13521.999512 1.09816766e-05 
13531.999512 1.03897473e-05 
13541.999512 9.18550985e-06 
13551.999512 9.04430153e-06 
13561.999512 8.37050453e-06 
13571.999512 8.01608264e-06 
13581.999512 7.56666044e-06 
13591.999512 6.81820430e-06 
13601.999512 6.31521148e-06 
13611.999512 5.91762125e-06 
13621.999512 5.69798241e-06 
13631.999512 5.80890381e-06 
13641.999512 5.16496633e-06 
13651.999512 5.31275633e-06 
13661.999512 4.61496190e-06 
13671.999512 4.66311493e-06 
13681.999512 4.65170820e-06 
13691.999512 4.99042834e-06 
13701.999512 4.69325517e-06 
13711.999512 4.54536597e-06 
13721.999512 4.89228457e-06 
13731.999512 4.69642137e-06 
13741.999512 4.55172268e-06 
13751.999512 3.54491521e-06 
13761.999512 4.05593365e-06 
13771.999512 3.98128484e-06 
13781.999512 4.43744880e-06 
13791.999512 4.10009248e-06 
13801.999512 3.58406111e-06 
13811.999512 3.85841049e-06 
13821.999512 3.85093934e-06 
13831.999512 4.07200643e-06 
13841.999512 3.63369303e-06 
13851.999512 3.63500653e-06 
13861.999512 3.52914367e-06 
13871.999512 3.38838217e-06 
13881.999512 3.13004767e-06 
13891.999512 2.87657641e-06 
13901.999512 2.81895512e-06 
13911.999512 3.01917284e-06 
13921.999512 3.17063795e-06 
13931.999512 3.00188784e-06 
13941.999512 3.02322011e-06 
13951.999512 2.94124889e-06 
13961.999512 2.47024840e-06 
13971.999512 2.39409345e-06 
13981.999512 2.56952098e-06 
13991.999512 3.02229732e-06 
14001.999512 3.07346694e-06 
14011.999512 3.12632510e-06 
14021.999512 3.09322999e-06 
14031.999512 3.28463635e-06 
14041.999512 3.06417784e-06 
14051.999512 3.15753911e-06 
14061.999512 2.75518267e-06 
14071.999512 2.68296838e-06 
14081.999512 2.73572186e-06 
14091.999512 2.96374151e-06 
14101.999512 2.98447429e-06 
14111.999512 3.03609234e-06 
14121.999512 3.05843057e-06 
14131.999512 3.33781841e-06 
14141.999512 3.38136383e-06 
14151.999512 3.42394181e-06 
14161.999512 3.11737120e-06 
14171.999512 3.00306553e-06 
14181.999512 3.21024070e-06 
14191.999512 3.38995785e-06 
14201.999512 3.36139120e-06 
14211.999512 2.98469255e-06 
14221.999512 3.24598584e-06 
14231.999512 3.34345255e-06 
14241.999512 3.12668977e-06 
14251.999512 2.89426694e-06 
14261.999512 2.52377547e-06 
14271.999512 2.80592192e-06 
14281.999512 2.87211757e-06 
14291.999512 3.03940431e-06 
14301.999512 2.87830034e-06 
14311.999512 3.22335451e-06 
14321.999512 3.40201730e-06 
14331.999512 3.31988194e-06 
14341.999512 3.06166114e-06 
14351.999512 2.76893852e-06 
14361.999512 3.05963560e-06 
14371.999512 2.71178233e-06 
14381.999512 3.06425452e-06 
14391.999512 2.62558072e-06 
14401.999512 2.81905929e-06 
14411.999512 2.50304363e-06 
14421.999512 3.15574271e-06 
14431.999512 2.94434653e-06 
14441.999512 3.13948773e-06 
14451.999512 2.65221933e-06 
14461.999512 2.67315975e-06 
14471.999512 2.54345533e-06 
14481.999512 2.71663738e-06 
14491.999512 2.34785062e-06 
14501.999512 2.17764173e-06 
14511.999512 2.15736983e-06 
14521.999512 2.41289844e-06 
14531.999512 2.84215353e-06 
14541.999512 2.49115874e-06 
14551.999512 2.44524245e-06 
14561.999512 2.36428460e-06 
14571.999512 2.63666431e-06 
14581.999512 2.58168933e-06 
14591.999512 2.52255470e-06 
14601.999512 2.50774117e-06 
14611.999512 2.44649245e-06 
14621.999512 2.60977083e-06 
14631.999512 2.36200776e-06 
14641.999512 2.72370885e-06 
14651.999512 2.81052044e-06 
14661.999512 2.75284767e-06 
14671.999512 2.71923557e-06 
14681.999512 2.32335776e-06 
14691.999512 2.44120212e-06 
14701.999512 2.24669922e-06 
14711.999512 2.34835861e-06 
14721.999512 2.60918761e-06 
14731.999512 2.90345846e-06 
14741.999512 2.20260914e-06 
14751.999512 2.53456125e-06 
14761.999512 2.14182280e-06 
14771.999512 2.41938497e-06 
14781.999512 2.00550414e-06 
14791.999512 2.26153511e-06 
14801.999512 2.38154534e-06 
14811.999512 1.93121491e-06 
14821.999512 2.20978510e-06 
14831.999512 2.08652799e-06 
14841.999512 2.49192538e-06 
14851.999512 2.11068068e-06 
14861.999512 2.40167194e-06 
14871.999512 1.91643375e-06 
14881.999512 2.14509700e-06 
14891.999512 2.12605631e-06 
14901.999512 2.53158789e-06 
14911.999512 2.21851879e-06 
14921.999512 2.39223988e-06 
14931.999512 2.22891798e-06 
14941.999512 2.08269788e-06 
14951.999512 2.12319411e-06 
14961.999512 2.62157763e-06 
14971.999512 2.95373860e-06 
14981.999512 2.75689642e-06 
14991.999512 2.68360951e-06 
15001.999512 3.11614601e-06 
15011.999512 3.03995048e-06 
15021.999512 3.37737008e-06 
15031.999512 3.17729967e-06 
15041.999512 2.94499972e-06 
15051.999512 2.50967754e-06 
15061.999512 2.55135810e-06 
15071.999512 3.23322469e-06 
15081.999512 3.51907234e-06 
15091.999512 3.37317104e-06 
15101.999512 2.87797336e-06 
15111.999512 2.73219584e-06 
15121.999512 2.70134848e-06 
15131.999512 3.02557808e-06 
15141.999512 2.87193371e-06 
15151.999512 3.25979155e-06 
15161.999512 2.87032698e-06 
15171.999512 2.90924111e-06 
15181.999512 2.69524590e-06 
15191.999512 2.92399618e-06 
15201.999512 2.86941034e-06 
15211.999512 2.90190487e-06 
15221.999512 2.95716795e-06 
15231.999512 2.66793890e-06 
15241.999512 2.78239297e-06 
15251.999512 2.86597161e-06 
15261.999512 3.32132150e-06 
15271.999512 2.99171934e-06 
15281.999512 3.63504408e-06 
15291.999512 3.47951179e-06 
15301.999512 4.19764656e-06 
15311.999512 3.44921444e-06 
15321.999512 3.35426333e-06 
15331.999512 3.07699892e-06 
15341.999512 3.40066323e-06 
15351.999512 3.56635387e-06 
15361.999512 3.29568958e-06 
15371.999512 3.09137148e-06 
15381.999512 3.40769742e-06 
15391.999512 3.24300552e-06 
15401.999512 3.20332740e-06 
15411.999512 2.92998336e-06 
15421.999512 2.63814065e-06 
15431.999512 2.71211065e-06 
15441.999512 2.73639011e-06 
15451.999512 3.11161667e-06 
15461.999512 3.30592459e-06 
15471.999512 3.34464818e-06 
15481.999512 3.11549888e-06 
15491.999512 3.32650491e-06 
15501.999512 3.07233903e-06 
15511.999512 3.37699576e-06 
15521.999512 3.14415534e-06 
15531.999512 3.10891935e-06 
15541.999512 3.01483792e-06 
15551.999512 2.40620517e-06 
15561.999512 2.45285714e-06 
15571.999512 2.89489033e-06 
15581.999512 3.53355930e-06 
15591.999512 3.52895770e-06 
15601.999512 3.08784143e-06 
15611.999512 2.91165313e-06 
15621.999512 3.13017065e-06 
15631.999512 3.44113700e-06 
15641.999512 3.43583672e-06 
15651.999512 3.03767313e-06 
15661.999512 2.99841323e-06 
15671.999512 3.16781165e-06 
15681.999512 3.44903927e-06 
15691.999512 3.07347954e-06 
15701.999512 2.32130720e-06 
15711.999512 2.48995899e-06 
15721.999512 2.33321101e-06 
15731.999512 2.79911764e-06 
15741.999512 2.79473784e-06 
15751.999512 3.14183016e-06 
15761.999512 3.56422476e-06 
15771.999512 3.16320770e-06 
15781.999512 3.07796899e-06 
15791.999512 2.48774578e-06 
15801.999512 3.23346984e-06 
15811.999512 3.30723608e-06 
15821.999512 3.77680484e-06 
15831.999512 3.56935991e-06 
15841.999512 3.71564631e-06 
15851.999512 3.48904544e-06 
15861.999512 3.08391046e-06 
15871.999512 3.07192684e-06 
15881.999512 3.17143382e-06 
15891.999512 3.32522151e-06 
15901.999512 3.10057534e-06 
15911.999512 3.14285856e-06 
15921.999512 3.24850645e-06 
15931.999512 2.85001730e-06 
15941.999512 3.40373395e-06 
15951.999512 3.44407711e-06 
15961.999512 4.17529822e-06 
15971.999512 3.66550731e-06 
15981.999512 3.41865900e-06 
15991.999512 2.83001574e-06 
16001.999512 2.66867834e-06 
16011.999512 3.18968708e-06 
16021.999512 3.42874137e-06 
16031.999512 3.81377440e-06 
16041.999512 3.97962646e-06 
16051.999512 4.23919140e-06 
16061.999512 3.67075883e-06 
16071.999512 3.03367048e-06 
16081.999512 3.30329098e-06 
16091.999512 3.73354185e-06 
16101.999512 3.56539827e-06 
16111.999512 3.17117006e-06 
16121.999512 3.25062236e-06 
16131.999512 3.98373605e-06 
16141.999512 4.14517585e-06 
16151.999512 3.41589048e-06 
16161.999512 2.87804251e-06 
16171.999512 2.93565240e-06 
16181.999512 3.44057835e-06 
16191.999512 4.06643722e-06 
16201.999512 3.73052122e-06 
16211.999512 3.54427076e-06 
16221.999512 2.73025356e-06 
16231.999512 3.03838766e-06 
16241.999512 3.44652568e-06 
16251.999512 3.42830055e-06 
16261.999512 3.45845118e-06 
16271.999512 3.52740045e-06 
16281.999512 3.99491727e-06 
16291.999512 3.87336505e-06 
16301.999512 4.05029852e-06 
16311.999512 4.58226449e-06 
16321.999512 3.71579102e-06 
16331.999512 3.32963207e-06 
16341.999512 2.65107816e-06 
16351.999512 3.57477968e-06 
16361.999512 2.94427046e-06 
16371.999512 3.01365569e-06 
16381.999512 2.79883442e-06 
16391.999512 4.20439404e-06 
16401.999512 4.09969197e-06 
16411.999512 4.00256631e-06 
16421.999512 3.33054345e-06 
16431.999512 3.40057346e-06 
16441.999512 3.85770718e-06 
16451.999512 3.67570850e-06 
16461.999512 3.37221567e-06 
16471.999512 2.81946722e-06 
16481.999512 3.06328808e-06 
16491.999512 2.87569616e-06 
16501.999512 3.66532059e-06 
16511.999512 3.60675531e-06 
16521.999512 3.70856781e-06 
16531.999512 2.94601444e-06 
16541.999512 3.06962380e-06 
16551.999512 3.31973611e-06 
16561.999512 3.72623984e-06 
16571.999512 3.51329901e-06 
16581.999512 4.00649443e-06 
16591.999512 3.67382316e-06 
16601.999512 3.22030006e-06 
16611.999512 2.59945524e-06 
16621.999512 3.82230643e-06 
16631.999512 4.02469625e-06 
16641.999512 4.44168877e-06 
16651.999512 2.84264072e-06 
16661.999512 3.19281234e-06 
16671.999512 3.55872188e-06 
16681.999512 4.87266395e-06 
16691.999512 4.56420808e-06 
16701.999512 4.59238021e-06 
16711.999512 3.25006536e-06 
16721.999512 4.15810446e-06 
16731.999512 3.50099390e-06 
16741.999512 3.82004219e-06 
16751.999512 3.25998312e-06 
16761.999512 3.52857392e-06 
16771.999512 3.60035808e-06 
16781.999512 3.52588977e-06 
16791.999512 4.00299315e-06 
16801.999512 3.56209828e-06 
16811.999512 2.90727499e-06 
16821.999512 1.98201434e-06 
16831.999512 2.46399968e-06 
16841.999512 2.91468669e-06 
16851.999512 3.37337670e-06 
16861.999512 4.11112730e-06 
16871.999512 3.96151161e-06 
16881.999512 2.96052431e-06 
16891.999512 2.71943332e-06 
16901.999512 2.80202075e-06 
16911.999512 3.11907720e-06 
16921.999512 2.97034427e-06 
16931.999512 2.76808012e-06 
16941.999512 3.80582831e-06 
16951.999512 3.86404192e-06 
16961.999512 4.48552610e-06 
16971.999512 4.12270245e-06 
16981.999512 3.92095972e-06 
16991.999512 3.33108897e-06 
17001.999512 3.37507109e-06 
17011.999512 3.61575811e-06 
17021.999512 3.33893115e-06 
17031.999512 2.67767677e-06 
17041.999512 2.69948764e-06 
17051.999512 3.02713759e-06 
17061.999512 2.66192365e-06 
17071.999512 2.53124259e-06 
17081.999512 3.14626430e-06 
17091.999512 3.51473780e-06 
17101.999512 4.34102979e-06 
17111.999512 3.61114897e-06 
17121.999512 4.33606153e-06 
17131.999512 2.99662979e-06 
17141.999512 2.98287197e-06 
17151.999512 2.38587809e-06 
17161.999512 3.35160009e-06 
17171.999512 3.31476667e-06 
17181.999512 3.52793266e-06 
17191.999512 3.28150515e-06 
17201.999512 5.05093714e-06 
17211.999512 4.59173216e-06 
17221.999512 4.89568319e-06 
17231.999512 3.15058043e-06 
17241.999512 4.16125280e-06 
17251.999512 3.48490864e-06 
17261.999512 4.62637872e-06 
17271.999512 4.49475814e-06 
17281.999512 4.82227965e-06 
17291.999512 4.21708546e-06 
17301.999512 3.91811245e-06 
17311.999512 4.29269415e-06 
17321.999512 4.48267484e-06 
17331.999512 4.08407246e-06 
17341.999512 3.88782541e-06 
17351.999512 3.75504991e-06 
17361.999512 4.32269544e-06 
17371.999512 3.54256975e-06 
17381.999512 3.87821100e-06 
17391.999512 3.69564087e-06 
17401.999512 3.92723173e-06 
17411.999512 3.56784770e-06 
17421.999512 3.42686341e-06 
17431.999512 3.33520702e-06 
17441.999512 3.02328477e-06 
17451.999512 3.60472851e-06 
17461.999512 5.01975793e-06 
17471.999512 4.42323433e-06 
17481.999512 4.08550004e-06 
17491.999512 3.03328715e-06 
17501.999512 3.72586033e-06 
17511.999512 4.33114995e-06 
17521.999512 3.43115618e-06 
17531.999512 3.64381235e-06 
17541.999512 3.35497873e-06 
17551.999512 3.75360947e-06 
17561.999512 3.17787276e-06 
17571.999512 3.06267661e-06 
17581.999512 3.27060682e-06 
17591.999512 4.23162404e-06 
17601.999512 3.62966885e-06 
17611.999512 4.23066240e-06 
17621.999512 3.30433966e-06 
17631.999512 3.82869948e-06 
17641.999512 3.58688283e-06 
17651.999512 4.32253583e-06 
17661.999512 3.29172367e-06 
17671.999512 3.02711767e-06 
17681.999512 3.97853457e-06 
17691.999512 5.37044812e-06 
17701.999512 5.23803184e-06 
17711.999512 3.91894225e-06 
17721.999512 3.63176650e-06 
17731.999512 3.92847093e-06 
17741.999512 4.28617709e-06 
17751.999512 3.53522949e-06 
17761.999512 3.43048507e-06 
17771.999512 3.25945525e-06 
17781.999512 3.79144023e-06 
17791.999512 4.53438147e-06 
17801.999512 4.91437939e-06 
17811.999512 5.18351135e-06 
17821.999512 4.49073491e-06 
17831.999512 4.12262031e-06 
17841.999512 4.71023322e-06 
17851.999512 4.42709862e-06 
17861.999512 4.75872929e-06 
17871.999512 4.16700968e-06 
17881.999512 5.04070577e-06 
17891.999512 5.43850975e-06 
17901.999512 5.32033225e-06 
17911.999512 5.25614440e-06 
17921.999512 4.89696170e-06 
17931.999512 4.54314022e-06 
17941.999512 4.76032602e-06 
17951.999512 4.40833172e-06 
17961.999512 4.97891153e-06 
17971.999512 5.19516479e-06 
17981.999512 5.18198529e-06 
17991.999512 4.87925647e-06 
18001.999512 3.33245114e-06 
18011.999512 4.09662768e-06 
18021.999512 3.82859729e-06 
18031.999512 5.62945324e-06 
18041.999512 4.64986943e-06 
18051.999512 5.44766076e-06 
18061.999512 3.95041473e-06 
18071.999512 4.78627722e-06 
18081.999512 4.56363408e-06 
18091.999512 5.39123475e-06 
18101.999512 6.11850657e-06 
18111.999512 5.63228415e-06 
18121.999512 4.63020269e-06 
18131.999512 3.97229517e-06 
18141.999512 5.62778141e-06 
18151.999512 6.95585330e-06 
18161.999512 5.78137080e-06 
18171.999512 4.73333464e-06 
18181.999512 5.00656243e-06 
18191.999512 6.81016401e-06 
18201.999512 6.75255316e-06 
18211.999512 5.54770359e-06 
18221.999512 5.50046529e-06 
18231.999512 4.62085783e-06 
18241.999512 5.46107790e-06 
18251.999512 4.75257194e-06 
18261.999512 5.97090070e-06 
18271.999512 4.87809181e-06 
18281.999512 3.92324530e-06 
18291.999512 4.30036715e-06 
18301.999512 4.95009432e-06 
18311.999512 5.28417567e-06 
18321.999512 4.96033155e-06 
18331.999512 5.74858852e-06 
18341.999512 5.64855560e-06 
18351.999512 5.69049414e-06 
18361.999512 4.98307839e-06 
18371.999512 5.94746462e-06 
18381.999512 6.03223429e-06 
18391.999512 5.50221567e-06 
18401.999512 5.08309761e-06 
18411.999512 3.72435096e-06 
18421.999512 5.58527072e-06 
18431.999512 5.69068326e-06 
18441.999512 7.58258333e-06 
18451.999512 5.06355743e-06 
18461.999512 6.30013432e-06 
18471.999512 6.47860681e-06 
18481.999512 8.66468503e-06 
18491.999512 6.91018428e-06 
18501.999512 6.64994315e-06 
18511.999512 5.81738640e-06 
18521.999512 8.20158260e-06 
18531.999512 6.94234810e-06 
18541.999512 9.40532364e-06 
18551.999512 7.08756562e-06 
18561.999512 8.63616540e-06 
18571.999512 5.20552317e-06 
18581.999512 7.54305636e-06 
18591.999512 6.54364766e-06 
18601.999512 7.72364701e-06 
18611.999512 5.70559303e-06 
18621.999512 5.59357255e-06 
18631.999512 6.63252739e-06 
18641.999512 6.55289832e-06 
18651.999512 5.70654395e-06 
18661.999512 4.73150709e-06 
18671.999512 6.35952296e-06 
18681.999512 7.79378108e-06 
18691.999512 6.77000797e-06 
18701.999512 5.98405039e-06 
18711.999512 5.48918381e-06 
18721.999512 5.88289610e-06 
18731.999512 6.72241677e-06 
18741.999512 6.68412536e-06 
18751.999512 8.71624995e-06 
18761.999512 7.87879553e-06 
18771.999512 9.26107727e-06 
18781.999512 7.26830962e-06 
18791.999512 8.67081920e-06 
18801.999512 5.93147781e-06 
18811.999512 6.39117908e-06 
18821.999512 5.17146386e-06 
18831.999512 6.67863314e-06 
18841.999512 7.27854153e-06 
18851.999512 5.82109887e-06 
18861.999512 6.29745681e-06 
18871.999512 6.70293855e-06 
18881.999512 6.55662841e-06 
18891.999512 5.44672289e-06 
18901.999512 6.11315284e-06 
18911.999512 6.11973317e-06 
18921.999512 6.81195468e-06 
18931.999512 6.31638899e-06 
18941.999512 6.96336926e-06 
18951.999512 7.84272860e-06 
18961.999512 6.85963027e-06 
18971.999512 6.38784276e-06 
18981.999512 6.22876313e-06 
18991.999512 6.52201188e-06 
19001.999512 8.71289446e-06 
19011.999512 6.20823733e-06 
19021.999512 8.11049463e-06 
19031.999512 6.60753409e-06 
19041.999512 8.16467272e-06 
19051.999512 5.74766181e-06 
19061.999512 6.37779088e-06 
19071.999512 7.20669316e-06 
19081.999512 8.50346007e-06 
19091.999512 8.22734703e-06 
19101.999512 7.84846882e-06 
19111.999512 6.18925843e-06 
19121.999512 6.76919094e-06 
19131.999512 7.37468544e-06 
19141.999512 8.29072194e-06 
19151.999512 7.20603475e-06 
19161.999512 4.73158596e-06 
19171.999512 4.30548044e-06 
19181.999512 5.60276848e-06 
19191.999512 8.99539388e-06 
19201.999512 9.25962171e-06 
19211.999512 7.59582856e-06 
19221.999512 8.04311746e-06 
19231.999512 8.55559516e-06 
19241.999512 9.46489693e-06 
19251.999512 6.44175158e-06 
19261.999512 5.19909329e-06 
19271.999512 3.49943071e-06 
19281.999512 5.80085437e-06 
19291.999512 5.51528482e-06 
19301.999512 6.27923009e-06 
19311.999512 6.56531545e-06 
19321.999512 7.60212975e-06 
19331.999512 8.81288078e-06 
19341.999512 6.78510593e-06 
19351.999512 6.52153870e-06 
19361.999512 5.25942767e-06 
19371.999512 6.24079658e-06 
19381.999512 5.48655082e-06 
19391.999512 7.62003354e-06 
19401.999512 7.39980928e-06 
19411.999512 7.43157369e-06 
19421.999512 6.20096055e-06 
19431.999512 7.07488484e-06 
19441.999512 7.09941458e-06 
19451.999512 7.71241919e-06 
19461.999512 6.53634890e-06 
19471.999512 7.07370125e-06 
19481.999512 6.10662170e-06 
19491.999512 5.37824315e-06 
19501.999512 5.51772029e-06 
19511.999512 5.83932929e-06 
19521.999512 8.02521157e-06 
19531.999512 7.35489167e-06 
19541.999512 8.57126968e-06 
19551.999512 7.91941894e-06 
19561.999512 7.70859217e-06 
19571.999512 7.09960233e-06 
19581.999512 7.15129185e-06 
19591.999512 8.89579666e-06 
19601.999512 8.74480178e-06 
19611.999512 7.53598112e-06 
19621.999512 6.48910140e-06 
19631.999512 7.82586529e-06 
19641.999512 7.90663483e-06 
19651.999512 1.07204008e-05 
19661.999512 9.82473725e-06 
19671.999512 9.16870457e-06 
19681.999512 7.47990754e-06 
19691.999512 8.22932744e-06 
19701.999512 8.32232201e-06 
19711.999512 7.85886050e-06 
19721.999512 8.85563841e-06 
19731.999512 8.75399100e-06 
19741.999512 8.04285146e-06 
19751.999512 6.83141548e-06 
19761.999512 7.54926114e-06 
19771.999512 8.11623028e-06 
19781.999512 7.50331411e-06 
19791.999512 7.52492731e-06 
19801.999512 8.46213635e-06 
19811.999512 8.14576184e-06 
19821.999512 9.24227825e-06 
19831.999512 8.56937474e-06 
19841.999512 8.48975832e-06 
19851.999512 8.50097011e-06 
19861.999512 7.99194294e-06 
19871.999512 7.50315836e-06 
19881.999512 6.47818269e-06 
19891.999512 6.36452026e-06 
19901.999512 6.86106346e-06 
19911.999512 6.99545645e-06 
19921.999512 7.31842103e-06 
19931.999512 6.96651906e-06 
19941.999512 7.73700118e-06 
19951.999512 8.05666254e-06 
19961.999512 8.80362172e-06 
19971.999512 8.10767041e-06 
19981.999512 7.77827782e-06 
19991.999512 7.59530461e-06 
20001.999512 7.33913626e-06 
20011.999512 6.29353375e-06 
20021.999512 6.25664840e-06 
20031.999512 6.54847181e-06 
20041.999512 6.71231229e-06 
20051.999512 5.81079990e-06 
20061.999512 6.29642637e-06 
20071.999512 8.82624105e-06 
20081.999512 7.99610669e-06 
20091.999512 6.80233888e-06 
20101.999512 4.47029570e-06 
20111.999512 7.04120002e-06 
20121.999512 7.08620581e-06 
20131.999512 6.14168948e-06 
20141.999512 5.69971215e-06 
20151.999512 6.52175190e-06 
20161.999512 7.28339501e-06 
20171.999512 5.90311107e-06 
20181.999512 6.27803561e-06 
20191.999512 5.99507626e-06 
20201.999512 6.08443681e-06 
20211.999512 5.39704802e-06 
20221.999512 6.34650948e-06 
20231.999512 6.27053305e-06 
20241.999512 5.80213326e-06 
20251.999512 5.91962328e-06 
20261.999512 7.06874609e-06 
20271.999512 7.30936858e-06 
20281.999512 8.38446916e-06 
20291.999512 7.04501284e-06 
20301.999512 8.16444482e-06 
20311.999512 6.46086122e-06 
20321.999512 6.25768052e-06 
20331.999512 5.49742410e-06 
20341.999512 5.67405026e-06 
20351.999512 6.65536792e-06 
20361.999512 7.00005994e-06 
20371.999512 6.92349832e-06 
20381.999512 6.29630642e-06 
20391.999512 4.19555323e-06 
20401.999512 4.56129624e-06 
20411.999512 4.91385902e-06 
20421.999512 5.77572385e-06 
20431.999512 5.41395168e-06 
20441.999512 4.62704110e-06 
20451.999512 5.73877120e-06 
20461.999512 7.74122874e-06 
20471.999512 8.88262624e-06 
20481.999512 7.40797747e-06 
20491.999512 7.60843654e-06 
20501.999512 7.55914252e-06 
20511.999512 6.72993717e-06 
20521.999512 4.10021201e-06 
20531.999512 6.13376638e-06 
20541.999512 8.28965836e-06 
20551.999512 8.81305342e-06 
20561.999512 6.90617394e-06 
20571.999512 6.34853133e-06 
20581.999512 8.36603565e-06 
20591.999512 7.24530289e-06 
20601.999512 7.26201112e-06 
20611.999512 6.02855575e-06 
20621.999512 6.61595189e-06 
20631.999512 6.16582061e-06 
20641.999512 6.33696305e-06 
20651.999512 7.88297409e-06 
20661.999512 7.75293469e-06 
20671.999512 7.22363450e-06 
20681.999512 5.24913751e-06 
20691.999512 8.92544472e-06 
20701.999512 8.07259771e-06 
20711.999512 8.13996041e-06 
20721.999512 6.75476254e-06 
20731.999512 7.22550565e-06 
20741.999512 7.76197022e-06 
20751.999512 5.35976861e-06 
20761.999512 5.21733709e-06 
20771.999512 5.22973651e-06 
20781.999512 7.16746107e-06 
20791.999512 6.36883778e-06 
20801.999512 6.44374749e-06 
20811.999512 6.74451245e-06 
20821.999512 8.61751006e-06 
20831.999512 9.59720773e-06 
20841.999512 9.39047908e-06 
20851.999512 8.48733560e-06 
20861.999512 7.38423895e-06 
20871.999512 5.96950875e-06 
20881.999512 5.86041635e-06 
20891.999512 4.06633057e-06 
20901.999512 6.90356855e-06 
20911.999512 8.04076247e-06 
20921.999512 1.10635460e-05 
20931.999512 8.00503236e-06 
20941.999512 8.66168220e-06 
20951.999512 7.84054466e-06 
20961.999512 8.75025763e-06 
20971.999512 5.74240989e-06 
20981.999512 5.78117564e-06 
20991.999512 7.23772512e-06 
21001.999512 7.63913578e-06 
21011.999512 7.66170379e-06 
21021.999512 5.71732799e-06 
21031.999512 7.22272878e-06 
21041.999512 6.45795470e-06 
21051.999512 8.28442814e-06 
21061.999512 8.80339538e-06 
21071.999512 9.85341487e-06 
21081.999512 8.58166019e-06 
21091.999512 7.56061109e-06 
21101.999512 9.55898028e-06 
21111.999512 8.91269015e-06 
21121.999512 1.05023033e-05 
21131.999512 7.17426507e-06 
21141.999512 9.27931047e-06 
21151.999512 6.20743163e-06 
21161.999512 8.22824921e-06 
21171.999512 8.27589738e-06 
21181.999512 9.19609065e-06 
21191.999512 7.74211465e-06 
21201.999512 5.53976909e-06 
21211.999512 8.16730880e-06 
21221.999512 8.96677024e-06 
21231.999512 8.98490350e-06 
21241.999512 6.59968956e-06 
21251.999512 5.39044244e-06 
21261.999512 5.13671531e-06 
21271.999512 5.78757400e-06 
21281.999512 6.87168957e-06 
21291.999512 9.71021465e-06 
21301.999512 8.25017552e-06 
21311.999512 7.72879062e-06 
21321.999512 6.46349528e-06 
21331.999512 9.58458867e-06 
21341.999512 1.02067914e-05 
21351.999512 9.53103008e-06 
21361.999512 8.01167787e-06 
21371.999512 8.69082393e-06 
21381.999512 1.02042771e-05 
21391.999512 9.71940657e-06 
21401.999512 7.23029843e-06 
21411.999512 5.21425382e-06 
21421.999512 5.68313136e-06 
21431.999512 9.19358217e-06 
21441.999512 8.68660009e-06 
21451.999512 9.23243873e-06 
21461.999512 5.31433967e-06 
21471.999512 5.07895032e-06 
21481.999512 4.30068648e-06 
21491.999512 6.51020716e-06 
21501.999512 7.71737541e-06 
21511.999512 8.06930247e-06 
21521.999512 7.16902082e-06 
21531.999512 9.63352675e-06 
21541.999512 9.31888270e-06 
21551.999512 1.07745245e-05 
21561.999512 9.04185458e-06 
21571.999512 1.24076794e-05 
21581.999512 1.24657193e-05 
21591.999512 1.39795294e-05 
21601.999512 1.48629756e-05 
21611.999512 1.53470411e-05 
21621.999512 1.24361447e-05 
21631.999512 9.86738336e-06 
21641.999512 9.38584717e-06 
21651.999512 1.16186731e-05 
21661.999512 1.24459724e-05 
21671.999512 1.52623665e-05 
21681.999512 1.35705753e-05 
21691.999512 1.39951412e-05 
21701.999512 1.06838469e-05 
21711.999512 1.34040427e-05 
21721.999512 1.34541696e-05 
21731.999512 1.49949287e-05 
21741.999512 1.25870792e-05 
21751.999512 1.05324018e-05 
21761.999512 9.14822440e-06 
21771.999512 9.02370747e-06 
21781.999512 9.86183574e-06 
21791.999512 1.09991200e-05 
21801.999512 1.16420905e-05 
21811.999512 1.12191810e-05 
21821.999512 1.03670421e-05 
21831.999512 8.49313681e-06 
21841.999512 5.41113481e-06 
21851.999512 4.17012740e-06 
21861.999512 4.63196487e-06 
21871.999512 6.99546621e-06 
21881.999512 9.42664484e-06 
21891.999512 1.18777955e-05 
21901.999512 1.10999230e-05 
21911.999512 8.54604229e-06 
21921.999512 4.63490260e-06 
21931.999512 6.33805779e-06 
21941.999512 8.28402790e-06 
21951.999512 1.00151497e-05 
21961.999512 1.02241542e-05 
21971.999512 1.02332332e-05 
21981.999512 1.60467851e-05 
21991.999512 1.23287982e-05 
22001.999512 9.58293739e-06 
22011.999512 4.96559881e-06 
22021.999512 1.01163820e-05 
22031.999512 1.13838209e-05 
22041.999512 1.47665845e-05 
22051.999512 1.32882659e-05 
22061.999512 1.26346423e-05 
22071.999512 9.13818324e-06 
22081.999512 6.96973137e-06 
22091.999512 7.10952158e-06 
22101.999512 7.18027984e-06 
22111.999512 9.28384746e-06 
22121.999512 1.36245120e-05 
22131.999512 1.71642690e-05 
22141.999512 1.61873227e-05 
22151.999512 1.41653806e-05 
22161.999512 9.77116941e-06 
22171.999512 1.17582051e-05 
22181.999512 1.21969762e-05 
22191.999512 1.11002874e-05 
22201.999512 8.80466087e-06 
22211.999512 7.81993999e-06 
22221.999512 1.02525078e-05 
22231.999512 1.06627125e-05 
22241.999512 1.04211957e-05 
22251.999512 1.31901395e-05 
22261.999512 1.42373458e-05 
22271.999512 1.49903095e-05 
22281.999512 1.17649781e-05 
22291.999512 1.31729623e-05 
22301.999512 1.29636157e-05 
22311.999512 1.41945794e-05 
22321.999512 1.23492823e-05 
22331.999512 1.63822812e-05 
22341.999512 1.83512266e-05 
22351.999512 1.84246783e-05 
22361.999512 1.85011010e-05 
22371.999512 1.93957382e-05 
22381.999512 1.93962808e-05 
22391.999512 1.90172556e-05 
22401.999512 1.75777829e-05 
22411.999512 1.94851764e-05 
22421.999512 1.95387861e-05 
22431.999512 2.23947680e-05 
22441.999512 2.71963208e-05 
22451.999512 2.48008393e-05 
22461.999512 2.13328819e-05 
22471.999512 1.98357630e-05 
22481.999512 2.13648344e-05 
22491.999512 2.27021286e-05 
22501.999512 2.49083974e-05 
22511.999512 1.96820113e-05 
22521.999512 1.95125712e-05 
22531.999512 1.39053466e-05 
22541.999512 1.63767841e-05 
22551.999512 1.83064591e-05 
22561.999512 1.68512844e-05 
22571.999512 2.24960840e-05 
22581.999512 2.18934146e-05 
22591.999512 2.80226600e-05 
22601.999512 2.66489310e-05 
22611.999512 2.44276856e-05 
22621.999512 2.09762343e-05 
22631.999512 1.61890980e-05 
22641.999512 1.54276080e-05 
22651.999512 1.09713427e-05 
22661.999512 1.12013277e-05 
22671.999512 1.04384494e-05 
22681.999512 1.56096032e-05 
22691.999512 1.52417303e-05 
22701.999512 1.60515711e-05 
22711.999512 1.61892413e-05 
22721.999512 1.69469570e-05 
22731.999512 1.56073944e-05 
22741.999512 1.35324995e-05 
22751.999512 1.11566713e-05 
22761.999512 1.00859650e-05 
22771.999512 9.89172225e-06 
22781.999512 1.61449639e-05 
22791.999512 1.56666608e-05 
22801.999512 1.51903837e-05 
22811.999512 9.96526371e-06 
22821.999512 1.19241839e-05 
22831.999512 1.04284602e-05 
22841.999512 1.20071756e-05 
22851.999512 1.00726940e-05 
22861.999512 1.00782862e-05 
22871.999512 7.88154758e-06 
22881.999512 8.10628096e-06 
22891.999512 6.63999402e-06 
22901.999512 9.32378900e-06 
22911.999512 8.87075370e-06 
22921.999512 9.58193563e-06 
22931.999512 8.29999574e-06 
22941.999512 9.42282519e-06 
22951.999512 8.13616001e-06 
22961.999512 7.57948590e-06 
22971.999512 6.64093413e-06 
22981.999512 7.37770487e-06 
22991.999512 6.53125144e-06 
23001.999512 7.17490313e-06 
23011.999512 6.71491250e-06 
23021.999512 6.60532802e-06 
23031.999512 6.07695006e-06 
23041.999512 6.91236526e-06 
23051.999512 6.15593367e-06 
23061.999512 6.85879126e-06 
23071.999512 5.27732357e-06 
23081.999512 6.98968495e-06 
23091.999512 5.83328186e-06 
23101.999512 5.65318602e-06 
23111.999512 4.43812036e-06 
23121.999512 4.37822978e-06 
23131.999512 4.76831340e-06 
23141.999512 4.22847569e-06 
23151.999512 5.29178354e-06 
23161.999512 5.68431522e-06 
23171.999512 4.92389121e-06 
23181.999512 4.48410041e-06 
23191.999512 4.53001272e-06 
23201.999512 6.67498986e-06 
23211.999512 5.95875507e-06 
23221.999512 5.12613497e-06 
23231.999512 5.25535514e-06 
23241.999512 5.25230417e-06 
23251.999512 5.84914337e-06 
23261.999512 4.20796655e-06 
23271.999512 3.98169233e-06 
23281.999512 3.64295580e-06 
23291.999512 3.23593977e-06 
23301.999512 3.39873267e-06 
23311.999512 3.76952633e-06 
23321.999512 3.59350574e-06 
23331.999512 3.11305298e-06 
23341.999512 2.73752530e-06 
23351.999512 2.70096469e-06 
23361.999512 2.71806980e-06 
23371.999512 2.55670358e-06 
23381.999512 3.10604285e-06 
23391.999512 3.22728973e-06 
23401.999512 2.96726645e-06 
23411.999512 2.62879412e-06 
23421.999512 2.33447108e-06 
23431.999512 2.76601968e-06 
23441.999512 2.61617963e-06 
23451.999512 2.85807984e-06 
23461.999512 2.66436811e-06 
23471.999512 2.97244330e-06 
23481.999512 2.45044084e-06 
23491.999512 2.61623692e-06 
23501.999512 2.43341442e-06 
23511.999512 2.98535047e-06 
23521.999512 2.97271400e-06 
23531.999512 2.90946905e-06 
23541.999512 2.97315264e-06 
23551.999512 2.85620714e-06 
23561.999512 2.37424261e-06 
23571.999512 2.31313323e-06 
23581.999512 2.35588729e-06 
23591.999512 2.79815100e-06 
23601.999512 2.92221618e-06 
23611.999512 2.40844553e-06 
23621.999512 2.37085724e-06 
23631.999512 1.74473039e-06 
23641.999512 1.67415215e-06 
23651.999512 1.37142210e-06 
23661.999512 1.46142976e-06 
23671.999512 1.28304275e-06 
23681.999512 1.12043966e-06 
23691.999512 9.02483389e-07 
23701.999512 8.13677489e-07 
23711.999512 9.32272970e-07 
23721.999512 7.95913230e-07 
23731.999512 6.78535485e-07 
23741.999512 4.29037204e-07 
23751.999512 3.64871174e-07 
23761.999512 3.71996739e-07 
23771.999512 3.94531125e-07 
23781.999512 4.70737667e-07 
23791.999512 4.94740756e-07 
23801.999512 4.36434061e-07 
23811.999512 3.26487014e-07 
23821.999512 2.44252923e-07 
23831.999512 3.04798225e-07 
23841.999512 3.04265623e-07 
23851.999512 2.92614255e-07 
23861.999512 2.44562591e-07 
23871.999512 2.56664416e-07 
23881.999512 2.27499868e-07 
23891.999512 1.87336449e-07 
23901.999512 1.47002506e-07 
23911.999512 1.07052484e-07 
23921.999512 9.09757598e-08 
23931.999512 8.77990899e-08 
23941.999512 1.05336846e-07 
23951.999512 9.31673783e-08 
23961.999512 8.38691434e-08 
23971.999512 9.79069109e-08 
23981.999512 1.00388480e-07 
23991.999512 9.43932549e-08 
24001.999512 7.19097488e-08 
24011.999512 6.25159496e-08 
24021.999512 5.13371666e-08 
24031.999512 4.68103422e-08 
24041.999512 4.47096255e-08 
24051.999512 4.06061135e-08 
24061.999512 3.51291823e-08 
24071.999512 2.92210766e-08 
24081.999512 2.87187445e-08 
24091.999512 2.92602493e-08 
24101.999512 2.44139778e-08 
24111.999512 1.73517065e-08 
24121.999512 1.22310257e-08 
24131.999512 1.17154347e-08 
24141.999512 1.13572210e-08 
24151.999512 1.18989212e-08 
24161.999512 1.05248150e-08 
24171.999512 9.74512678e-09 
24181.999512 8.20009328e-09 
24191.999512 7.03631143e-09 
24201.999512 6.32838574e-09 
24211.999512 5.52380061e-09 
24221.999512 5.57395343e-09 
24231.999512 5.84574535e-09 
24241.999512 4.91850341e-09 
24251.999512 4.00077001e-09 
24261.999512 2.57919329e-09 
24271.999512 2.73987363e-09 
24281.999512 2.47753045e-09 
24291.999512 2.57805846e-09 
24301.999512 1.94971224e-09 
24311.999512 2.24676127e-09 
24321.999512 2.15080456e-09 
24331.999512 2.13088545e-09 
24341.999512 1.74010077e-09 
24351.999512 1.36538083e-09 
24361.999512 1.31565385e-09 
24371.999512 9.89794181e-10 
24381.999512 8.92975624e-10 
24391.999512 6.98129018e-10 
24401.999512 7.31898074e-10 
24411.999512 8.22757149e-10 
24421.999512 7.24304934e-10 
24431.999512 7.07291793e-10 
24441.999512 5.46282800e-10 
24451.999512 5.41299429e-10 
24461.999512 4.28806654e-10 
24471.999512 4.41164920e-10 
24481.999512 3.81783467e-10 
24491.999512 3.49692535e-10 
24501.999512 2.62935322e-10 
24511.999512 2.19447151e-10 
24521.999512 2.48419457e-10 
24531.999512 2.55414584e-10 
24541.999512 2.53310942e-10 
24551.999512 2.21862939e-10 
24561.999512 1.89188281e-10 
24571.999512 1.51802523e-10 
24581.999512 1.34948256e-10 
24591.999512 1.15477590e-10 
24601.999512 1.19873114e-10 
24611.999512 7.61006828e-11 
24621.999512 8.32841716e-11 
24631.999512 7.73666832e-11 
24641.999512 8.16251441e-11 
24651.999512 7.50078306e-11 
24661.999512 6.44632447e-11 
24671.999512 5.76091582e-11 
24681.999512 4.82129304e-11 
24691.999512 4.73685043e-11 
24701.999512 4.41811274e-11 
24711.999512 3.49491938e-11 
24721.999512 3.26623186e-11 
24731.999512 3.50120769e-11 
24741.999512 3.54103621e-11 
24751.999512 3.11076975e-11 
24761.999512 2.48253301e-11 
24771.999512 2.23527626e-11 
24781.999512 2.04463142e-11 
24791.999512 1.79708033e-11 
24801.999512 1.70875184e-11 
24811.999512 1.59791801e-11 
24821.999512 1.79591221e-11 
24831.999512 1.27601099e-11 
24841.999512 1.03545757e-11 
24851.999512 7.05983196e-12 
24861.999512 8.26960525e-12 
24871.999512 8.20308396e-12 
24881.999512 6.03700741e-12 
24891.999512 5.20385447e-12 
24901.999512 4.48887560e-12 
24911.999512 5.78720668e-12 
24921.999512 5.65821405e-12 
24931.999512 5.31758345e-12 
24941.999512 4.06326039e-12 
24951.999512 4.19224861e-12 
24961.999512 3.55849264e-12 
24971.999512 3.53801638e-12 
24981.999512 3.03113283e-12 
24991.999512 2.71133555e-12 
25001.999512 2.44162523e-12 
25011.999512 1.96569343e-12 
25021.999512 2.09262023e-12 
25031.999512 2.08204131e-12 
25041.999512 2.06037341e-12 
25051.999512 1.67019181e-12 
25061.999512 1.50817040e-12 
25071.999512 1.34031692e-12 
25081.999512 1.13190871e-12 
25091.999512 1.16157050e-12 
25101.999512 1.16752076e-12 
25111.999512 1.15861582e-12 
25121.999512 1.00650274e-12 
25131.999512 9.40880735e-13 
25141.999512 1.13674436e-12 
25151.999512 9.49137886e-13 
25161.999512 9.76951265e-13 
25171.999512 7.41259064e-13 
25181.999512 8.24316442e-13 
25191.999512 6.29039693e-13 
25201.999512 6.15896644e-13 
25211.999512 4.84112374e-13 
25221.999512 5.28516704e-13 
25231.999512 4.85965036e-13 
25241.999512 5.10792729e-13 
25251.999512 4.33475732e-13 
25261.999512 4.10501965e-13 
25271.999512 3.86970705e-13 
25281.999512 3.50293337e-13 
25291.999512 3.21547402e-13 
25301.999512 2.81567374e-13 
25311.999512 2.90211013e-13 
25321.999512 2.62805959e-13 
25331.999512 2.76552234e-13 
25341.999512 2.25704841e-13 
25351.999512 2.23395471e-13 
25361.999512 1.62182462e-13 
25371.999512 1.54304483e-13 
25381.999512 1.58413817e-13 
25391.999512 1.71362603e-13 
25401.999512 1.68617239e-13 
25411.999512 1.46295347e-13 
25421.999512 1.53855575e-13 
25431.999512 1.48545784e-13 
25441.999512 1.39234688e-13 
25451.999512 1.04422825e-13 
25461.999512 9.53304185e-14 
25471.999512 9.58239540e-14 
25481.999512 9.19404326e-14 
25491.999512 7.92125252e-14 
25501.999512 7.06081353e-14 
25511.999512 6.90504952e-14 
25521.999512 6.39192055e-14 
25531.999512 5.57605792e-14 
25541.999512 4.91773255e-14 
25551.999512 5.43640995e-14 
25561.999512 5.24006277e-14 
25571.999512 4.94191223e-14 
25581.999512 3.06083102e-14 
25591.999512 2.70333819e-14 
25601.999512 2.25700449e-14 
25611.999512 2.60816810e-14 
25621.999512 2.50840154e-14 
25631.999512 2.14426163e-14 
25641.999512 2.35426613e-14 
25651.999512 2.31774592e-14 
25661.999512 2.20720290e-14 
25671.999512 1.76102445e-14 
25681.999512 1.80419393e-14 
25691.999512 1.73752778e-14 
25701.999512 1.37574684e-14 
25711.999512 9.49882450e-15 
25721.999512 7.84335520e-15 
25731.999512 9.50783790e-15 
25741.999512 9.22541910e-15 
25751.999512 9.22480514e-15 
25761.999512 9.73383586e-15 
25771.999512 8.66880819e-15 
25781.999512 8.78199280e-15 
25791.999512 7.47136255e-15 
25801.999512 6.69797956e-15 
25811.999512 5.42294363e-15 
25821.999512 4.84972860e-15 
25831.999512 4.87722371e-15 
25841.999512 4.83126793e-15 
25851.999512 4.28879436e-15 
25861.999512 3.75262898e-15 
25871.999512 3.09347599e-15 
25881.999512 2.78368454e-15 
25891.999512 2.98468817e-15 
25901.999512 2.69498245e-15 
25911.999512 2.39549413e-15 
25921.999512 1.96006877e-15 
25931.999512 1.85879026e-15 
25941.999512 2.26497977e-15 
25951.999512 1.87284731e-15 
25961.999512 1.70649093e-15 
25971.999512 1.23730308e-15 
25981.999512 1.19841943e-15 
