20004.663860 1.11027748e-10 
20026.105090 8.75189874e-11 
20047.546320 6.88781415e-11 
20068.987540 5.39912192e-11 
20090.428770 4.29200652e-11 
20111.869990 3.39527467e-11 
20133.311220 2.69887315e-11 
20154.752450 2.17085301e-11 
20176.193670 1.72441502e-11 
20197.634900 1.38040499e-11 
20219.076120 1.14547919e-11 
20240.517350 9.42224151e-12 
20261.958580 7.87299376e-12 
20283.399800 6.79792778e-12 
20304.841030 6.02819949e-12 
20326.282250 5.38709859e-12 
20347.723480 4.80337628e-12 
20369.164710 4.35855752e-12 
20390.605930 3.84737082e-12 
20412.047160 3.55865774e-12 
20433.488380 3.29497907e-12 
20454.929610 2.96649190e-12 
20476.370840 2.71052014e-12 
20497.812060 2.62225651e-12 
20519.253290 2.66418563e-12 
20540.694510 2.81964167e-12 
20562.135740 3.12236477e-12 
20583.576970 3.61223712e-12 
20605.018190 4.07436971e-12 
20626.459420 4.35240984e-12 
20647.900640 4.57171380e-12 
20669.341870 4.70416160e-12 
20690.783100 4.61747669e-12 
20712.224320 4.57289109e-12 
20733.665550 5.12775867e-12 
20755.106770 5.85922674e-12 
20776.548000 7.06242895e-12 
20797.989230 8.91407230e-12 
20819.430450 1.11057923e-11 
20840.871680 1.34594064e-11 
20862.312900 1.54783564e-11 
20883.754130 1.86016970e-11 
20905.195360 2.20419094e-11 
20926.636580 2.53054604e-11 
20948.077810 3.04686985e-11 
20969.519030 3.69930455e-11 
20990.960260 4.40858686e-11 
21012.401490 5.28868884e-11 
21033.842710 6.76491696e-11 
21055.283940 8.83570453e-11 
21076.725160 1.09872283e-10 
21098.166390 1.37765962e-10 
21119.607620 1.71522390e-10 
21141.048840 1.96124981e-10 
21162.490070 2.03108264e-10 
21183.931290 1.95594353e-10 
21205.372520 1.82075219e-10 
21226.813750 1.64803444e-10 
21248.254970 1.48164519e-10 
21269.696200 1.34685811e-10 
21291.137420 1.23889222e-10 
21312.578650 1.13922171e-10 
21334.019880 1.09702932e-10 
21355.461100 1.12134178e-10 
21376.902330 1.11971469e-10 
21398.343550 1.07256824e-10 
21419.784780 1.01433272e-10 
21441.226010 9.69319296e-11 
21462.667230 8.89850926e-11 
21484.108460 8.16939348e-11 
21505.549680 8.12997848e-11 
21526.990910 8.68515485e-11 
21548.432140 9.44307673e-11 
21569.873360 1.02420836e-10 
21591.314590 1.14636686e-10 
21612.755810 1.29860489e-10 
21634.197040 1.34381072e-10 
21655.638270 1.26401632e-10 
21677.079490 1.11055869e-10 
21698.520720 9.80793769e-11 
21719.961940 9.15624044e-11 
21741.403170 8.83506942e-11 
21762.844400 9.17425601e-11 
21784.285620 9.79030865e-11 
21805.726850 1.04624572e-10 
21827.168070 1.14783598e-10 
21848.609300 1.33578791e-10 
21870.050530 1.52299482e-10 
21891.491750 1.61590711e-10 
21912.932980 1.69992342e-10 
21934.374200 1.90001969e-10 
21955.815430 2.12381886e-10 
21977.256660 2.24328092e-10 
21998.697880 2.32493609e-10 
22020.139110 2.75024063e-10 
22041.580330 3.56496429e-10 
22063.021560 4.59398862e-10 
22084.462790 5.87311307e-10 
22105.904010 7.47040597e-10 
22127.345240 9.47866923e-10 
22148.786460 1.15303847e-09 
22170.227690 1.40318414e-09 
22191.668920 1.75060206e-09 
22213.110140 2.30162385e-09 
22234.551370 2.94145565e-09 
22255.992590 3.53208835e-09 
22277.433820 4.20062136e-09 
22298.875050 4.74113642e-09 
22320.316270 5.07943107e-09 
22341.757500 5.24542450e-09 
22363.198720 5.58625275e-09 
22384.639950 5.92527169e-09 
22406.081180 6.20181755e-09 
22427.522400 6.67869795e-09 
22448.963630 7.89593158e-09 
22470.404850 1.00201328e-08 
22491.846080 1.25001981e-08 
22513.287310 1.55571108e-08 
22534.728530 1.91104168e-08 
22556.169760 2.32507922e-08 
22577.610980 2.72677643e-08 
22599.052210 3.11267553e-08 
22620.493440 3.46845546e-08 
22641.934660 3.90462296e-08 
22663.375890 4.28753757e-08 
22684.817110 4.32873229e-08 
22706.258340 4.27726172e-08 
22727.699570 4.45620777e-08 
22749.140790 4.79439090e-08 
22770.582020 4.94685590e-08 
22792.023240 5.09823226e-08 
22813.464470 5.32280641e-08 
22834.905700 5.61507952e-08 
22856.346920 5.99904607e-08 
22877.788150 6.13337374e-08 
22899.229370 6.22421277e-08 
22920.670600 6.58020858e-08 
22942.111830 7.04199012e-08 
22963.553050 7.26752502e-08 
22984.994280 7.49722379e-08 
23006.435500 8.94878073e-08 
23027.876730 1.12167344e-07 
23049.317960 1.38984528e-07 
23070.759180 1.72168399e-07 
23092.200410 2.18383751e-07 
23113.641630 2.89073896e-07 
23135.082860 3.75649794e-07 
23156.524090 4.77549275e-07 
23177.965310 6.16374224e-07 
23199.406540 8.08714877e-07 
23220.847760 1.06083780e-06 
23242.288990 1.28261978e-06 
23263.730220 1.46322819e-06 
23285.171440 1.65907135e-06 
23306.612670 1.94641789e-06 
23328.053890 2.16306658e-06 
23349.495120 2.23165283e-06 
23370.936350 2.33278720e-06 
23392.377570 2.36175861e-06 
23413.818800 2.29665756e-06 
23435.260020 2.10507424e-06 
23456.701250 1.98793931e-06 
23478.142480 1.99643427e-06 
23499.583700 2.22524333e-06 
23521.024930 2.54867278e-06 
23542.466150 2.76583662e-06 
23563.907380 2.85187617e-06 
23585.348610 2.97458795e-06 
23606.789830 3.09368450e-06 
23628.231060 2.90645745e-06 
23649.672280 2.58715128e-06 
23671.113510 2.41862644e-06 
23692.554740 2.41498058e-06 
23713.995960 2.31590375e-06 
23735.437190 2.21205254e-06 
23756.878410 2.30801909e-06 
23778.319640 2.56887409e-06 
23799.760870 2.97284244e-06 
23821.202090 3.45636476e-06 
23842.643320 3.76882248e-06 
23864.084540 3.86625595e-06 
23885.525770 3.85255768e-06 
23906.967000 4.00792755e-06 
23928.408220 4.19469345e-06 
23949.849450 4.17790726e-06 
23971.290670 4.32329249e-06 
23992.731900 4.65182030e-06 
24014.173130 4.81605257e-06 
24035.614350 4.68682428e-06 
24057.055580 4.47464996e-06 
24078.496800 4.39942185e-06 
24099.938030 4.33051683e-06 
24121.379260 4.15702786e-06 
24142.820480 3.97549591e-06 
24164.261710 3.73259539e-06 
24185.702930 3.43654290e-06 
24207.144160 3.36852697e-06 
24228.585390 3.39160145e-06 
24250.026610 3.22842728e-06 
24271.467840 2.98768449e-06 
24292.909060 3.13462226e-06 
24314.350290 3.76469569e-06 
24335.791520 4.14851239e-06 
24357.232740 4.29365786e-06 
24378.673970 4.37105489e-06 
24400.115190 4.37031226e-06 
24421.556420 4.22733057e-06 
24442.997650 3.82395475e-06 
24464.438870 3.54915367e-06 
24485.880100 3.39799033e-06 
24507.321320 3.33594378e-06 
24528.762550 3.62328873e-06 
24550.203780 4.11879234e-06 
24571.645000 4.57269684e-06 
24593.086230 4.88355346e-06 
24614.527450 5.33617636e-06 
24635.968680 5.92205387e-06 
24657.409910 5.90558170e-06 
24678.851130 5.53376235e-06 
24700.292360 5.15601724e-06 
24721.733580 4.97183219e-06 
24743.174810 4.75958247e-06 
24764.616040 4.36085780e-06 
24786.057260 4.18796011e-06 
24807.498490 4.05794067e-06 
24828.939710 3.91012274e-06 
24850.380940 3.76730111e-06 
24871.822170 3.70437801e-06 
24893.263390 3.46101168e-06 
24914.704620 3.03352637e-06 
24936.145840 2.65436733e-06 
24957.587070 2.44063206e-06 
24979.028300 3.39395333e-06 
25000.469520 4.22905204e-06 
25021.910750 5.56362108e-06 
25038.318560 7.29215688e-06 
25051.830870 8.69836162e-06 
25065.343190 9.93224550e-06 
25078.855500 1.07415567e-05 
25092.367820 1.19371369e-05 
25105.880130 1.19758656e-05 
25119.392440 1.19349318e-05 
25132.904760 1.20869150e-05 
25146.417070 1.21746663e-05 
25159.929390 1.20937769e-05 
25173.441700 1.19103205e-05 
25186.954020 1.24479313e-05 
25200.466330 1.26227013e-05 
25213.978650 1.25264301e-05 
25227.490960 1.23627696e-05 
25241.003270 1.26329475e-05 
25254.515590 1.22396868e-05 
25268.027900 1.19563017e-05 
25281.540220 1.23842589e-05 
25295.052530 1.26286483e-05 
25308.564850 1.25355109e-05 
25322.077160 1.28492114e-05 
25335.589480 1.35590588e-05 
25349.101790 1.33700069e-05 
25362.614100 1.32606664e-05 
25376.126420 1.36455986e-05 
25389.638730 1.38594739e-05 
25403.151050 1.41217012e-05 
25416.663360 1.44165122e-05 
25430.175680 1.47548400e-05 
25443.687990 1.48848797e-05 
25457.200300 1.51254536e-05 
25470.712620 1.58790033e-05 
25484.224930 1.64024340e-05 
25497.737250 1.62173694e-05 
25511.249560 1.62100883e-05 
25524.761880 1.65977369e-05 
25538.274190 1.64012442e-05 
25551.786510 1.60263929e-05 
25565.298820 1.57316688e-05 
25578.811130 1.48845770e-05 
25592.323450 1.46545915e-05 
25605.835760 1.46558157e-05 
25619.348080 1.42140777e-05 
25632.860390 1.37222725e-05 
25646.372710 1.34234700e-05 
25659.885020 1.35618741e-05 
25673.397330 1.39886154e-05 
25686.909650 1.45093314e-05 
25700.421960 1.44195266e-05 
25713.934280 1.47290639e-05 
25727.446590 1.52671051e-05 
25740.958910 1.55380465e-05 
25754.471220 1.61187680e-05 
25767.983540 1.58854277e-05 
25781.495850 1.55893368e-05 
25795.008160 1.59305982e-05 
25808.520480 1.63227295e-05 
25822.032790 1.64948227e-05 
25835.545110 1.63816393e-05 
25849.057420 1.63544201e-05 
25862.569740 1.57513157e-05 
25876.082050 1.55607804e-05 
25889.594370 1.53493582e-05 
25903.106680 1.46922585e-05 
25916.618990 1.42325948e-05 
25930.131310 1.33795765e-05 
25943.643620 1.21138134e-05 
25957.155940 1.06401007e-05 
25970.668250 1.01580265e-05 
25984.180570 9.75443220e-06 
25997.692880 8.97922893e-06 
26011.205190 8.28209333e-06 
26024.717510 7.32995723e-06 
26038.229820 7.01136594e-06 
26051.742140 6.91858760e-06 
26065.254450 7.16850741e-06 
26078.766770 6.85840464e-06 
26092.279080 6.38426160e-06 
26105.791400 6.55410029e-06 
26119.303710 6.43675295e-06 
26132.816020 6.05039181e-06 
26146.328340 5.57117285e-06 
26159.840650 5.51959936e-06 
26173.352970 5.27950800e-06 
26186.865280 5.75489590e-06 
26200.377600 6.24477365e-06 
26213.889910 6.09230300e-06 
26227.402220 6.13934691e-06 
26240.914540 6.83377982e-06 
26254.426850 7.26854234e-06 
26267.939170 7.37219641e-06 
26281.451480 7.72660976e-06 
26294.963800 7.61696254e-06 
26308.476110 7.39864026e-06 
26321.988430 7.28562895e-06 
26335.500740 7.08905803e-06 
26349.013050 6.71696984e-06 
26362.525370 6.51310436e-06 
26376.037680 6.47675690e-06 
26389.550000 6.37929616e-06 
26403.062310 6.03449985e-06 
26416.574630 5.79340294e-06 
26430.086940 5.62877088e-06 
26443.599250 5.52255510e-06 
26457.111570 5.44647423e-06 
26470.623880 5.34105017e-06 
26484.136200 5.16232534e-06 
26497.648510 5.08592401e-06 
26511.160830 4.99340075e-06 
26524.673140 4.80451777e-06 
26538.185460 4.67829359e-06 
26551.697770 4.57286494e-06 
26565.210080 4.03026159e-06 
26578.722400 3.80816845e-06 
26592.234710 4.29531077e-06 
26605.747030 4.40577062e-06 
26619.259340 4.46470808e-06 
26632.771660 4.83513643e-06 
26646.283970 5.16950902e-06 
26659.796290 5.37732091e-06 
26673.308600 5.95317832e-06 
26686.820910 6.24524765e-06 
26700.333230 5.47364890e-06 
26713.845540 4.96090135e-06 
26727.357860 4.91896452e-06 
26740.870170 4.45795695e-06 
26754.382490 3.84474557e-06 
26767.894800 3.31826810e-06 
26781.407110 2.96767813e-06 
26794.919430 2.38828074e-06 
26808.431740 2.17731616e-06 
26821.944060 2.06671743e-06 
26835.456370 1.65596879e-06 
26848.968690 1.57545976e-06 
26862.481000 1.71775340e-06 
26875.993320 1.89038751e-06 
26889.505630 1.75871587e-06 
26903.017940 1.61354501e-06 
26916.530260 1.54179735e-06 
26930.042570 1.72392455e-06 
26943.554890 1.58901005e-06 
26957.067200 1.32586052e-06 
26970.579520 1.27211037e-06 
26984.091830 1.12040280e-06 
26997.604140 1.07297589e-06 
27011.116460 1.31092532e-06 
27024.628770 1.30082045e-06 
27038.141090 9.85091702e-07 
27051.653400 9.38324701e-07 
27065.165720 9.29100311e-07 
27078.678030 7.01482116e-07 
27092.190350 5.92258389e-07 
27105.702660 4.36995170e-07 
27119.214970 2.12311466e-07 
27132.727290 2.12303178e-07 
27146.239600 2.10513403e-07 
27159.751920 4.96205443e-07 
27173.264230 4.92059171e-07 
27186.776550 5.47509139e-07 
27200.288860 5.47030272e-07 
27213.801170 5.62740090e-07 
27227.313490 5.63915210e-07 
27240.825800 5.63453016e-07 
27254.338120 4.77122137e-07 
27267.850430 1.25471879e-07 
27281.362750 1.25238198e-07 
27294.875060 7.24996015e-08 
27308.387380 1.49239850e-07 
27321.899690 3.11276145e-07 
27335.412000 2.99607997e-07 
27348.924320 3.07182265e-07 
27362.436630 3.07269964e-07 
27375.948950 3.45084239e-07 
27389.461260 4.60241577e-07 
27402.973580 4.57266018e-07 
27416.485890 5.16662127e-07 
27429.998210 3.40198834e-07 
27443.510520 3.38208333e-07 
27457.022830 3.30551698e-07 
27470.535150 4.30901902e-07 
27484.047460 4.29854974e-07 
27497.559780 5.73713629e-07 
27511.072090 7.97825208e-07 
27524.584410 7.27836291e-07 
27538.096720 7.25108041e-07 
27551.609030 7.97285061e-07 
27565.121350 9.43429059e-07 
27578.633660 9.44561025e-07 
27592.145980 1.02719782e-06 
27605.658290 8.05328364e-07 
27619.170610 7.95395202e-07 
27632.682920 1.15269382e-06 
27646.195240 1.35339955e-06 
27659.707550 1.44458264e-06 
27673.219860 1.57407763e-06 
27686.732180 1.71388481e-06 
27700.244490 1.84047594e-06 
27713.756810 1.80421026e-06 
27727.269120 1.59758595e-06 
27740.781440 1.26883553e-06 
27754.293750 1.27706451e-06 
27767.806060 1.41768504e-06 
27781.318380 1.30794113e-06 
27794.830690 1.36087908e-06 
27808.343010 1.29092124e-06 
27821.855320 1.45876312e-06 
27835.367640 1.85501081e-06 
27848.879950 2.09075715e-06 
27862.392270 2.05927726e-06 
27875.904580 2.04019609e-06 
27889.416890 2.10746760e-06 
27902.929210 2.11291003e-06 
27916.441520 2.36151290e-06 
27929.953840 2.61402972e-06 
27943.466150 2.59985692e-06 
27956.978470 2.72865448e-06 
27970.490780 2.96272057e-06 
27984.003090 3.26346310e-06 
27997.515410 3.50883944e-06 
28011.027720 3.44887874e-06 
28024.540040 3.16479200e-06 
28038.052350 2.95652698e-06 
28051.564670 2.88446031e-06 
28065.076980 2.68899545e-06 
28078.589300 2.65048003e-06 
28092.101610 2.31906830e-06 
28105.613920 2.21720842e-06 
28119.126240 2.39415687e-06 
28132.638550 2.58982557e-06 
28146.150870 2.80700925e-06 
28159.663180 2.77145391e-06 
28173.175500 2.68401484e-06 
28186.687810 2.55474479e-06 
28200.200130 2.83982658e-06 
28213.712440 2.87969423e-06 
28227.224750 2.94156276e-06 
28240.737070 2.87248869e-06 
28254.249380 2.91518968e-06 
28267.761700 3.20831533e-06 
28281.274010 3.35704612e-06 
28294.786330 3.51361154e-06 
28308.298640 3.37812798e-06 
28321.810950 3.22012874e-06 
28335.323270 3.01447923e-06 
28348.835580 2.93099783e-06 
28362.347900 2.62131820e-06 
28375.860210 2.49794276e-06 
28389.372530 2.55649133e-06 
28402.884840 2.66013335e-06 
28416.397160 2.73021959e-06 
28429.909470 3.05383690e-06 
28443.421780 3.30648737e-06 
28456.934100 3.57374966e-06 
28470.446410 3.83104425e-06 
28483.958730 3.39988567e-06 
28497.471040 3.24661567e-06 
28510.983360 3.39923495e-06 
28524.495670 3.49449845e-06 
28538.007980 3.11876173e-06 
28551.520300 2.79513875e-06 
28565.032610 2.68759535e-06 
28578.544930 2.52775042e-06 
28592.057240 2.67844230e-06 
28605.569560 2.80998673e-06 
28619.081870 2.45314914e-06 
28632.594190 1.97424230e-06 
28646.106500 1.85995813e-06 
28659.618810 2.15406504e-06 
28673.131130 2.09727323e-06 
28686.643440 1.98535762e-06 
28700.155760 2.05477799e-06 
28713.668070 1.85192547e-06 
28727.180390 1.68219549e-06 
28740.692700 1.87610738e-06 
28754.205010 1.88098718e-06 
28767.717330 1.58982179e-06 
28781.229640 1.48113536e-06 
28794.741960 1.66349664e-06 
28808.254270 1.79741358e-06 
28821.766590 1.92056787e-06 
28835.278900 2.06207492e-06 
28848.791220 2.18446510e-06 
28862.303530 2.53182084e-06 
28875.815840 2.72154835e-06 
28889.328160 2.71306798e-06 
28902.840470 2.86373242e-06 
28916.352790 2.84790833e-06 
28929.865100 2.78144917e-06 
28943.377420 2.60850024e-06 
28956.889730 2.50206090e-06 
28970.402050 2.53410578e-06 
28983.914360 2.57898971e-06 
28997.426670 3.40141107e-06 
29010.938990 3.82855999e-06 
29024.451300 3.93576575e-06 
29037.963620 4.35072342e-06 
29051.475930 4.89405381e-06 
29064.988250 5.32364954e-06 
29078.500560 5.44933451e-06 
29092.012870 5.52228521e-06 
29105.525190 5.18832600e-06 
29119.037500 5.14980834e-06 
29132.549820 5.86011263e-06 
29146.062130 6.41627641e-06 
29159.574450 6.86596792e-06 
29173.086760 7.17638924e-06 
29186.599080 7.69074079e-06 
29200.111390 8.10448502e-06 
29213.623700 8.40569321e-06 
29227.136020 8.68921753e-06 
29240.648330 8.63669198e-06 
29254.160650 8.79573306e-06 
29267.672960 9.08202673e-06 
29281.185280 9.43853270e-06 
29294.697590 9.57482374e-06 
29308.209900 1.00060902e-05 
29321.722220 1.03934692e-05 
29335.234530 1.06120928e-05 
29348.746850 1.05019106e-05 
29362.259160 1.02939767e-05 
29375.771480 1.02780462e-05 
29389.283790 1.01479788e-05 
29402.796110 1.03996388e-05 
29416.308420 1.07106372e-05 
29429.820730 1.08148083e-05 
29443.333050 1.09304126e-05 
29456.845360 1.13137004e-05 
29470.357680 1.15929711e-05 
29483.869990 1.18253704e-05 
29497.382310 1.27825975e-05 
29510.894620 1.35940117e-05 
29524.406940 1.42971633e-05 
29537.919250 1.49633187e-05 
29551.431560 1.57250612e-05 
29564.943880 1.66249946e-05 
29578.456190 1.74656147e-05 
29591.968510 1.86635087e-05 
29605.480820 1.95081468e-05 
29618.993140 2.06776400e-05 
29632.505450 2.20041806e-05 
29646.017760 2.37015449e-05 
29659.530080 2.53981892e-05 
29673.042390 2.76933760e-05 
29686.554710 3.01648579e-05 
29700.067020 3.21514703e-05 
29713.579340 3.45959238e-05 
29727.091650 3.69334464e-05 
29740.603970 3.91398162e-05 
29754.116280 4.15500290e-05 
29767.628590 4.41537248e-05 
29781.140910 4.65841740e-05 
29794.653220 4.97076549e-05 
29808.165540 5.33099347e-05 
29821.677850 5.65244344e-05 
29835.190170 6.02124735e-05 
29848.702480 6.49730649e-05 
29862.214790 7.00511445e-05 
29875.727110 7.54783373e-05 
29889.239420 8.14700279e-05 
29902.751740 8.72480489e-05 
29916.264050 9.34577953e-05 
29929.776370 1.00551679e-04 
29943.288680 1.08125216e-04 
29956.801000 1.15618054e-04 
29970.313310 1.23245874e-04 
29983.825620 1.31948818e-04 
29997.337940 1.41223730e-04 
30010.850250 1.51340819e-04 
30024.362570 1.62101452e-04 
30037.874880 1.73030000e-04 
30051.387200 1.84469446e-04 
30064.899510 1.97262573e-04 
30078.411820 2.11297106e-04 
30091.924140 2.25864285e-04 
30105.436450 2.41144458e-04 
30118.948770 2.57548453e-04 
30132.461080 2.75096254e-04 
30145.973400 2.93922023e-04 
30159.485710 3.14430040e-04 
30172.998030 3.35602226e-04 
30186.510340 3.58053806e-04 
30200.022650 3.81850355e-04 
30213.534970 4.07218095e-04 
30227.047280 4.33854463e-04 
30240.559600 4.62297380e-04 
30254.071910 4.92723275e-04 
30267.584230 5.24504188e-04 
30281.096540 5.58689446e-04 
30294.608860 5.95954117e-04 
30308.121170 6.35992346e-04 
30321.633480 6.78876295e-04 
30335.145800 7.25087795e-04 
30348.658110 7.74475040e-04 
30362.170430 8.27467017e-04 
30375.682740 8.85430991e-04 
30389.195060 9.47131488e-04 
30402.707370 1.01350061e-03 
30416.219680 1.08585912e-03 
30429.732000 1.16388930e-03 
30443.244310 1.24867486e-03 
30456.756630 1.34031202e-03 
30470.268940 1.43966925e-03 
30483.781260 1.54765934e-03 
30497.293570 1.66523688e-03 
30510.805890 1.79055849e-03 
30524.318200 1.92658949e-03 
30537.830510 2.07441091e-03 
30551.342830 2.23503561e-03 
30564.855140 2.40991167e-03 
30578.367460 2.60008110e-03 
30591.879770 2.80711097e-03 
30605.392090 3.03398097e-03 
30618.904400 3.28360038e-03 
30632.416710 3.55595890e-03 
30645.929030 3.85324782e-03 
30659.441340 4.18200053e-03 
30672.953660 4.53669078e-03 
30686.465970 4.92783139e-03 
30699.978290 5.35392917e-03 
30713.490600 5.81381246e-03 
30727.002920 6.31708924e-03 
30740.515230 6.86735096e-03 
30754.027540 7.46933606e-03 
30767.539860 8.12755828e-03 
30781.052170 8.84791962e-03 
30794.564490 9.63589449e-03 
30808.076800 1.05042371e-02 
30821.589120 1.14588740e-02 
30835.101430 1.25037469e-02 
30848.613740 1.36470974e-02 
30862.126060 1.48979954e-02 
30875.638370 1.62655161e-02 
30889.150690 1.77591602e-02 
30902.663000 1.93913401e-02 
30916.175320 2.11786378e-02 
30929.687630 2.31286926e-02 
30943.199950 2.52841130e-02 
30956.712260 2.76010425e-02 
30970.224570 3.01213113e-02 
30983.736890 3.28615664e-02 
30997.249200 3.58367140e-02 
31010.761520 3.90455120e-02 
31024.273830 4.25128585e-02 
31037.786150 4.62585635e-02 
31051.298460 5.02992632e-02 
31064.810780 5.46496984e-02 
31078.323090 5.93252218e-02 
31091.835400 6.43381378e-02 
31105.347720 6.97117122e-02 
31118.860030 7.54653526e-02 
31132.372350 8.15938914e-02 
31145.884660 8.81045262e-02 
31159.396980 9.49966862e-02 
31172.909290 1.02273488e-01 
31186.421600 1.09924520e-01 
31199.933920 1.17945183e-01 
31213.446230 1.26572479e-01 
31226.958550 1.35409356e-01 
31240.470860 1.44571519e-01 
31253.983180 1.54028241e-01 
31267.495490 1.63752213e-01 
31281.007810 1.73698906e-01 
31294.520120 1.83837752e-01 
31308.032430 1.94074605e-01 
31321.544750 2.04375135e-01 
31335.057060 2.14716567e-01 
31348.569380 2.25044365e-01 
31362.081690 2.35315646e-01 
31375.594010 2.45459672e-01 
31389.106320 2.55438157e-01 
31402.618630 2.65203958e-01 
31416.130950 2.74777969e-01 
31429.643260 2.84034558e-01 
31443.155580 2.92919796e-01 
31456.667890 3.01402426e-01 
31470.180210 3.09441166e-01 
31483.692520 3.17380251e-01 
31497.204840 3.24468796e-01 
31510.717150 3.31048080e-01 
31524.229460 3.37120791e-01 
31537.741780 3.42682264e-01 
31551.254090 3.47755631e-01 
31564.766410 3.52349881e-01 
31578.278720 3.56493238e-01 
31591.791040 3.60212036e-01 
31605.303350 3.63508679e-01 
31618.815660 3.66410643e-01 
31632.327980 3.68978014e-01 
31645.840290 3.71254457e-01 
31659.352610 3.73267296e-01 
31672.864920 3.75051386e-01 
31686.377240 3.76635655e-01 
31699.889550 3.78045755e-01 
31713.401870 3.79548186e-01 
31726.914180 3.81246280e-01 
31740.426490 3.82670340e-01 
31753.938810 3.83874011e-01 
31767.451120 3.85008939e-01 
31780.963440 3.86093303e-01 
31794.475750 3.87136533e-01 
31807.988070 3.88076865e-01 
31821.500380 3.88940132e-01 
31835.012700 3.89786486e-01 
31848.525010 3.90618343e-01 
31862.037320 3.91443690e-01 
31875.549640 3.92265228e-01 
31889.061950 3.93080925e-01 
31902.574270 3.93891324e-01 
31916.086580 3.94705966e-01 
31929.598900 3.95522351e-01 
31943.111210 3.96338429e-01 
31956.623520 3.97154138e-01 
31970.135840 3.97972121e-01 
31983.648150 3.99248675e-01 
31997.160470 4.00057243e-01 
32010.672780 4.00825841e-01 
32024.185100 4.01576586e-01 
32037.697410 4.02323996e-01 
32051.209730 4.03063967e-01 
32064.722040 4.03800794e-01 
32078.234350 4.04527613e-01 
32091.746670 4.05249309e-01 
32105.258980 4.05959650e-01 
32118.771300 4.06662848e-01 
32132.283610 4.06903656e-01 
32145.795930 4.07598027e-01 
32159.308240 4.08287453e-01 
32172.820550 4.08977196e-01 
32186.332870 4.09670937e-01 
32199.845180 4.10365777e-01 
32213.357500 4.11341313e-01 
32226.869810 4.12474689e-01 
32240.382130 4.13287879e-01 
32253.894440 4.14101838e-01 
32267.406760 4.14922492e-01 
32280.919070 4.15740692e-01 
32294.431380 4.16561366e-01 
32307.943700 4.17244338e-01 
32321.456010 4.17837775e-01 
32334.968330 4.18434309e-01 
32348.480640 4.19036610e-01 
32361.992960 4.19639321e-01 
32375.505270 4.20246352e-01 
32389.017590 4.20859425e-01 
32402.529900 4.21464152e-01 
32416.042210 4.22023390e-01 
32429.554530 4.22581886e-01 
32443.066840 4.23296774e-01 
32456.579160 4.24200774e-01 
32470.091470 4.24758983e-01 
32483.603790 4.25309515e-01 
32497.116100 4.25861234e-01 
32510.628410 4.26502499e-01 
32524.140730 4.27166996e-01 
32537.653040 4.27827884e-01 
32551.165360 4.28489449e-01 
32564.677670 4.29153070e-01 
32578.189990 4.29816111e-01 
32591.702300 4.30481520e-01 
32605.214620 4.31112755e-01 
32618.726930 4.31697437e-01 
32632.239240 4.32275820e-01 
32645.751560 4.32856361e-01 
32659.263870 4.33430407e-01 
32672.776190 4.34148829e-01 
32686.288500 4.35093190e-01 
32699.800820 4.35666038e-01 
32713.313130 4.36123051e-01 
32726.825440 4.36582215e-01 
32740.337760 4.37046576e-01 
32753.850070 4.37510986e-01 
32767.362390 4.37980488e-01 
32780.874700 4.38447808e-01 
32794.387020 4.38924299e-01 
32807.899330 4.39405380e-01 
32821.411650 4.39896990e-01 
32834.923960 4.40392105e-01 
32848.436270 4.40892962e-01 
32861.948590 4.41401249e-01 
32875.460900 4.41917920e-01 
32888.973220 4.42447854e-01 
32902.485530 4.43507804e-01 
32915.997850 4.44060060e-01 
32929.510160 4.44617983e-01 
32943.022470 4.45192384e-01 
32956.534790 4.45774474e-01 
32970.047100 4.46366345e-01 
32983.559420 4.46966061e-01 
32997.071730 4.47572884e-01 
33010.584050 4.48084103e-01 
33024.096360 4.48571653e-01 
33037.608680 4.49070122e-01 
33051.120990 4.49571781e-01 
33064.633300 4.50086759e-01 
33078.145620 4.50609284e-01 
33091.657930 4.51144948e-01 
33105.170250 4.51664364e-01 
33118.682560 4.52614385e-01 
33132.194880 4.53183123e-01 
33145.707190 4.53684956e-01 
33159.219510 4.54192733e-01 
33172.731820 4.54697706e-01 
33186.244130 4.55204942e-01 
33199.756450 4.55707745e-01 
33213.268760 4.56166106e-01 
33226.781080 4.56621113e-01 
33240.293390 4.57072007e-01 
33253.805710 4.57521852e-01 
33267.318020 4.57964911e-01 
33280.830330 4.58408656e-01 
33294.342650 4.58847493e-01 
33307.854960 4.58947982e-01 
33321.367280 4.58796843e-01 
33334.879590 4.58640047e-01 
33348.391910 4.58929898e-01 
33361.904220 4.58847398e-01 
33375.416540 4.58676450e-01 
33388.928850 4.58495256e-01 
33402.441160 4.58090922e-01 
33415.953480 4.56678572e-01 
33429.465790 4.55260431e-01 
33442.978110 4.53834257e-01 
33456.490420 4.52399363e-01 
33470.002740 4.50957289e-01 
33483.515050 4.49503807e-01 
33497.027360 4.48049236e-01 
33510.539680 4.44984550e-01 
33524.051990 4.41461407e-01 
33537.564310 4.37927445e-01 
33551.076620 4.34384560e-01 
33564.588940 4.30835405e-01 
33578.101250 4.27278470e-01 
33591.613570 4.23717181e-01 
33605.125880 4.21686793e-01 
33618.638190 4.22180460e-01 
33632.150510 4.22670994e-01 
33645.662820 4.23161333e-01 
33659.175140 4.23652783e-01 
33672.687450 4.24141468e-01 
33686.199770 4.24632561e-01 
33699.712080 4.25122571e-01 
33713.224390 4.29113245e-01 
33726.736710 4.33512368e-01 
33740.249020 4.38265863e-01 
33753.761340 4.42356542e-01 
33767.273650 4.46450318e-01 
33780.785970 4.50553812e-01 
33794.298280 4.54661047e-01 
33807.810600 4.57153411e-01 
33821.322910 4.58462018e-01 
33834.835220 4.59773843e-01 
33848.347540 4.61088870e-01 
33861.859850 4.62403259e-01 
33875.372170 4.63722583e-01 
33888.884480 4.65037570e-01 
33902.396800 4.66083140e-01 
33915.909110 4.65879915e-01 
33929.421430 4.65668826e-01 
33942.933740 4.65450426e-01 
33956.446050 4.65220582e-01 
33969.958370 4.64985583e-01 
33983.470680 4.64737772e-01 
33996.983000 4.64482828e-01 
34010.495310 4.64171762e-01 
34024.007630 4.63837990e-01 
34037.519940 4.63499723e-01 
34051.032250 4.63153054e-01 
34064.544570 4.62803671e-01 
34078.056880 4.62445546e-01 
34091.569200 4.62166227e-01 
34105.081510 4.62325660e-01 
34118.593830 4.62140333e-01 
34132.106140 4.61950540e-01 
34145.618460 4.61751168e-01 
34159.130770 4.62021403e-01 
34172.643080 4.61856564e-01 
34186.155400 4.61640606e-01 
34199.667710 4.61421015e-01 
34213.180030 4.61571673e-01 
34226.692340 4.61730564e-01 
34240.204660 4.61883410e-01 
34253.716970 4.62034804e-01 
34267.229280 4.62186044e-01 
34280.741600 4.62336487e-01 
34294.253910 4.62490864e-01 
34307.766230 4.62538402e-01 
34321.278540 4.62505896e-01 
34334.790860 4.62463793e-01 
34348.303170 4.62413906e-01 
34361.815490 4.62360431e-01 
34375.327800 4.62298084e-01 
34388.840110 4.62232190e-01 
34402.352430 4.62124937e-01 
34415.864740 4.61849135e-01 
34429.377060 4.61576768e-01 
34442.889370 4.61848186e-01 
34456.401690 4.61586288e-01 
34469.914000 4.61326014e-01 
34483.426310 4.61246639e-01 
34496.938630 4.61331294e-01 
34510.450940 4.61284499e-01 
34523.963260 4.61304768e-01 
34537.475570 4.61326908e-01 
34550.987890 4.61355264e-01 
34564.500200 4.61386690e-01 
34578.012520 4.61419897e-01 
34591.524830 4.61458629e-01 
34605.037140 4.61643962e-01 
34618.549460 4.62079055e-01 
34632.061770 4.62516269e-01 
34645.574090 4.62956066e-01 
34659.086400 4.63399476e-01 
34672.598720 4.63842849e-01 
34686.111030 4.64290112e-01 
34699.623350 4.64738094e-01 
34713.135660 4.64873819e-01 
34726.647970 4.65003392e-01 
34740.160290 4.65133144e-01 
34753.672600 4.65268345e-01 
34767.184920 4.65797855e-01 
34780.697230 4.66091601e-01 
34794.209550 4.66455060e-01 
34807.721860 4.67088283e-01 
34821.234170 4.67561851e-01 
34834.746490 4.68034669e-01 
34848.258800 4.68506263e-01 
34861.771120 4.68976749e-01 
34875.283430 4.69442921e-01 
34888.795750 4.69908704e-01 
34902.308060 4.70394789e-01 
34915.820380 4.70994812e-01 
34929.332690 4.71593238e-01 
34942.845000 4.72186823e-01 
34956.357320 4.72778838e-01 
34969.869630 4.73366008e-01 
34983.381950 4.73950406e-01 
34996.894260 4.74534994e-01 
35010.406580 4.75060442e-01 
35023.918890 4.75568456e-01 
35037.431200 4.76072823e-01 
35050.943520 4.76573239e-01 
35064.455830 4.77071340e-01 
35077.968150 4.78010825e-01 
35091.480460 4.78620001e-01 
35104.992780 4.79410233e-01 
35118.505090 4.80243625e-01 
35132.017410 4.80803259e-01 
35145.529720 4.81353289e-01 
35159.042030 4.81899597e-01 
35172.554350 4.82442366e-01 
35186.066660 4.82981628e-01 
35199.578980 4.83514619e-01 
35213.091290 4.83964421e-01 
35226.603610 4.84403211e-01 
35240.115920 4.84839409e-01 
35253.628240 4.85275658e-01 
35267.140550 4.85713898e-01 
35280.652860 4.86150062e-01 
35294.165180 4.86585082e-01 
35307.677490 4.86984646e-01 
35321.189810 4.87356925e-01 
35334.702120 4.87730199e-01 
35348.214440 4.88570994e-01 
35361.726750 4.89045905e-01 
35375.239060 4.89419472e-01 
35388.751380 4.89792140e-01 
35402.263690 4.90140616e-01 
35415.776010 4.90363879e-01 
35429.288320 4.91098565e-01 
35442.800640 4.91366332e-01 
35456.312950 4.91597420e-01 
35469.825270 4.91831620e-01 
35483.337580 4.92067437e-01 
35496.849890 4.92304178e-01 
35510.362210 4.92525359e-01 
35523.874520 4.93271063e-01 
35537.386840 4.93467161e-01 
35550.899150 4.93666335e-01 
35564.411470 4.93868102e-01 
35577.923780 4.94074372e-01 
35591.436090 4.94284566e-01 
35604.948410 4.94523329e-01 
35618.460720 4.94808447e-01 
35631.973040 4.95095183e-01 
35645.485350 4.95384758e-01 
35658.997670 4.95677758e-01 
35672.509980 4.95974795e-01 
35686.022300 4.96624500e-01 
35699.534610 4.97159563e-01 
35713.046920 4.97401919e-01 
35726.559240 4.97644404e-01 
35740.071550 4.97887943e-01 
35753.583870 4.98134081e-01 
35767.096180 4.98381948e-01 
35780.608500 4.99187556e-01 
35794.120810 4.99437705e-01 
35807.633120 4.99653103e-01 
35821.145440 4.99842558e-01 
35834.657750 5.00033880e-01 
35848.170070 5.00703089e-01 
35861.682380 5.01004111e-01 
35875.194700 5.01197583e-01 
35888.707010 5.01390080e-01 
35902.219330 5.01572023e-01 
35915.731640 5.01696343e-01 
35929.243950 5.01821084e-01 
35942.756270 5.01946401e-01 
35956.268580 5.02071873e-01 
35969.780900 5.02198159e-01 
35983.293210 5.02326713e-01 
35996.805530 5.02457700e-01 
36010.317840 5.02589602e-01 
36023.830160 5.02721103e-01 
36037.342470 5.03281325e-01 
36050.854780 5.03567774e-01 
36064.367100 5.03699017e-01 
36077.879410 5.03831123e-01 
36091.391730 5.03963517e-01 
36104.904040 5.04073113e-01 
36118.416360 5.04143333e-01 
36131.928670 5.04213653e-01 
36145.440980 5.04283794e-01 
36158.953300 5.04353667e-01 
36172.465610 5.04424219e-01 
36185.977930 5.04494094e-01 
36199.490240 5.05097853e-01 
36213.002560 5.05186825e-01 
36226.514870 5.05248306e-01 
36240.027190 5.05311545e-01 
36253.539500 5.05374914e-01 
36267.051810 5.05438934e-01 
36280.564130 5.05502592e-01 
36294.076440 5.05564739e-01 
36307.588760 5.05667146e-01 
36321.101070 5.05800895e-01 
36334.613390 5.05932761e-01 
36348.125700 5.06064521e-01 
36361.638010 5.06197249e-01 
36375.150330 5.06329544e-01 
36388.662640 5.06462351e-01 
36402.174960 5.06605890e-01 
36415.687270 5.06805360e-01 
36429.199590 5.07004403e-01 
36442.711900 5.07202379e-01 
36456.224220 5.07399899e-01 
36469.736530 5.07595856e-01 
36483.248840 5.07790892e-01 
36496.761160 5.08385569e-01 
36510.273470 5.08826192e-01 
36523.785790 5.09091129e-01 
36537.298100 5.09355237e-01 
36550.810420 5.09616820e-01 
36564.322730 5.09876345e-01 
36577.835040 5.10134851e-01 
36591.347360 5.10389341e-01 
36604.859670 5.10614762e-01 
36618.371990 5.10793211e-01 
36631.884300 5.10969981e-01 
36645.396620 5.11145675e-01 
36658.908930 5.11319016e-01 
36672.421250 5.11489018e-01 
36685.933560 5.11656239e-01 
36699.445870 5.12359052e-01 
36712.958190 5.12620104e-01 
36726.470500 5.12849106e-01 
36739.982820 5.13074021e-01 
36753.495130 5.13296341e-01 
36767.007450 5.13515842e-01 
36780.519760 5.13732586e-01 
36794.032080 5.13948546e-01 
36807.544390 5.14159868e-01 
36821.056700 5.14368075e-01 
36834.569020 5.14575980e-01 
36848.081330 5.14780328e-01 
36861.593650 5.14981708e-01 
36875.105960 5.15182211e-01 
36888.618280 5.15380682e-01 
36902.130590 5.15557034e-01 
36915.642900 5.15617000e-01 
36929.155220 5.15674834e-01 
36942.667530 5.16330241e-01 
36956.179850 5.16387758e-01 
36969.692160 5.16444538e-01 
36983.204480 5.16501739e-01 
36996.716790 5.16557739e-01 
37010.229110 5.16613508e-01 
37023.741420 5.16669551e-01 
37037.253730 5.16725646e-01 
37050.766050 5.16783225e-01 
37064.278360 5.16843216e-01 
37077.790680 5.16903687e-01 
37091.302990 5.16965290e-01 
37104.815310 5.17052325e-01 
37118.327620 5.17182910e-01 
37131.839930 5.17315096e-01 
37145.352250 5.17447299e-01 
37158.864560 5.17577725e-01 
37172.376880 5.17708707e-01 
37185.889190 5.17840265e-01 
37199.401510 5.17972633e-01 
37212.913820 5.18108882e-01 
37226.426140 5.18245829e-01 
37239.938450 5.18382981e-01 
37253.450760 5.18521633e-01 
37266.963080 5.18659876e-01 
37280.475390 5.18798032e-01 
37293.987710 5.18936417e-01 
37307.500020 5.19075498e-01 
37321.012340 5.19216140e-01 
37334.524650 5.19356472e-01 
37348.036960 5.19494237e-01 
37361.549280 5.20233063e-01 
37375.061590 5.20367780e-01 
37388.573910 5.20497525e-01 
37402.086220 5.20733268e-01 
37415.598540 5.21239823e-01 
37429.110850 5.21280961e-01 
37442.623170 5.21317252e-01 
37456.135480 5.21347682e-01 
37469.647790 5.21371549e-01 
37483.160110 5.21391123e-01 
37496.672420 5.21405334e-01 
37510.184740 5.21412343e-01 
37523.697050 5.21413826e-01 
37537.209370 5.21407800e-01 
37550.721680 5.21393960e-01 
37564.234000 5.21373150e-01 
37577.746310 5.21343333e-01 
37591.258620 5.21305107e-01 
37604.770940 5.21259804e-01 
37618.283250 5.21206210e-01 
37631.795570 5.21145338e-01 
37645.307880 5.21078855e-01 
37658.820200 5.21005046e-01 
37672.332510 5.20925447e-01 
37685.844820 5.20840543e-01 
37699.357140 5.20747809e-01 
37712.869450 5.20641244e-01 
37726.381770 5.20528087e-01 
37739.894080 5.20407051e-01 
37753.406400 5.20280252e-01 
37766.918710 5.20565884e-01 
37780.431030 5.20615696e-01 
37793.943340 5.20477652e-01 
37807.455650 5.20382306e-01 
37820.967970 5.20320148e-01 
37834.480280 5.20257844e-01 
37847.992600 5.20195790e-01 
37861.504910 5.20132146e-01 
37875.017230 5.20068723e-01 
37888.529540 5.20005299e-01 
37902.041850 5.19919878e-01 
37915.554170 5.19717246e-01 
37929.066480 5.19519548e-01 
37942.578800 5.19326571e-01 
37956.091110 5.19141675e-01 
37969.603430 5.18963067e-01 
37983.115740 5.18789298e-01 
37996.628060 5.18624107e-01 
38010.140370 5.18575479e-01 
38023.652680 5.18569233e-01 
38037.165000 5.18572570e-01 
38050.677310 5.18583908e-01 
38064.189630 5.18603329e-01 
38077.701940 5.18636074e-01 
38091.214260 5.18681627e-01 
38104.726570 5.18711731e-01 
38118.238890 5.18705425e-01 
38131.751200 5.18710265e-01 
38145.263510 5.18725424e-01 
38158.775830 5.18753018e-01 
38172.288140 5.18926617e-01 
38185.800460 5.19432710e-01 
38199.312770 5.19485983e-01 
38212.825090 5.19555737e-01 
38226.337400 5.19635017e-01 
38239.849710 5.19725647e-01 
38253.362030 5.19824779e-01 
38266.874340 5.19931246e-01 
38280.386660 5.20045926e-01 
38293.898970 5.20165105e-01 
38307.411290 5.20285854e-01 
38320.923600 5.20409107e-01 
38334.435920 5.20531854e-01 
38347.948230 5.20652554e-01 
38361.460540 5.20771871e-01 
38374.972860 5.20887270e-01 
38388.485170 5.21490291e-01 
38401.997490 5.21686068e-01 
38415.509800 5.21783533e-01 
38429.022120 5.21870556e-01 
38442.534430 5.21948268e-01 
38456.046740 5.22014078e-01 
38469.559060 5.22066348e-01 
38483.071370 5.22104226e-01 
38496.583690 5.22123438e-01 
38510.096000 5.22117836e-01 
38523.608320 5.22093018e-01 
38537.120630 5.22048743e-01 
38550.632950 5.21982507e-01 
38564.145260 5.21895284e-01 
38577.657570 5.22245100e-01 
38591.169890 5.22247601e-01 
38604.682200 5.22085822e-01 
38618.194520 5.21900391e-01 
38631.706830 5.21684819e-01 
38645.219150 5.21441230e-01 
38658.731460 5.21169075e-01 
38672.243770 5.20866702e-01 
38685.756090 5.20537781e-01 
38699.268400 5.20183542e-01 
38712.780720 5.19789710e-01 
38726.293030 5.19370300e-01 
38739.805350 5.18925117e-01 
38753.317660 5.18450970e-01 
38766.829980 5.17950251e-01 
38780.342290 5.17425007e-01 
38793.854600 5.16874069e-01 
38807.366920 5.16308142e-01 
38820.879230 5.15728214e-01 
38834.391550 5.15128239e-01 
38847.903860 5.14511900e-01 
38861.416180 5.13883156e-01 
38874.928490 5.13241103e-01 
38888.440810 5.12586476e-01 
38901.953120 5.11921622e-01 
38915.465430 5.11239978e-01 
38928.977750 5.10548143e-01 
38942.490060 5.09850133e-01 
38956.002380 5.09143941e-01 
38969.514690 5.08429768e-01 
38983.027010 5.08297509e-01 
38996.539320 5.07574363e-01 
39010.051630 5.06841600e-01 
39023.563950 5.06105529e-01 
39037.076260 5.05366439e-01 
39050.588580 5.04621252e-01 
39064.100890 5.03871260e-01 
39077.613210 5.03114749e-01 
39091.125520 5.02346529e-01 
39104.637840 5.01570769e-01 
39118.150150 5.00788867e-01 
39131.662460 4.99985832e-01 
39145.174780 4.99446756e-01 
39158.687090 4.98860193e-01 
39172.199410 4.97972116e-01 
39185.711720 4.97045103e-01 
39199.224040 4.96073531e-01 
39212.736350 4.95050033e-01 
39226.248660 4.93962557e-01 
39239.760980 4.92804182e-01 
39253.273290 4.91563781e-01 
39266.785610 4.90230065e-01 
39280.297920 4.88793291e-01 
39293.810240 4.87238505e-01 
39307.322550 4.85547802e-01 
39320.834870 4.83710956e-01 
39334.347180 4.81718337e-01 
39347.859490 4.79555012e-01 
39361.371810 4.77208711e-01 
39374.884120 4.74932916e-01 
39388.396440 4.72454231e-01 
39401.908750 4.69482044e-01 
39415.421070 4.66330576e-01 
39428.933380 4.62922234e-01 
39442.445690 4.59245588e-01 
39455.958010 4.55289740e-01 
39469.470320 4.51043091e-01 
39482.982640 4.46497171e-01 
39496.494950 4.41646327e-01 
39510.007270 4.36431633e-01 
39523.519580 4.30884222e-01 
39537.031900 4.25028388e-01 
39550.544210 4.18862110e-01 
39564.056520 4.12383387e-01 
39577.568840 4.05598683e-01 
39591.081150 3.98514890e-01 
39604.593470 3.91142765e-01 
39618.105780 3.83496595e-01 
39631.618100 3.75587760e-01 
39645.130410 3.67431462e-01 
39658.642730 3.59048585e-01 
39672.155040 3.50462286e-01 
39685.667350 3.41686984e-01 
39699.179670 3.33084909e-01 
39712.691980 3.24030877e-01 
39726.204300 3.14828655e-01 
39739.716610 3.05532414e-01 
39753.228930 2.96167434e-01 
39766.741240 2.86758844e-01 
39780.253550 2.77651821e-01 
39793.765870 2.68225389e-01 
39807.278180 2.58826100e-01 
39820.790500 2.49477134e-01 
39834.302810 2.40204319e-01 
39847.815130 2.31028784e-01 
39861.327440 2.21969870e-01 
39874.839760 2.13045841e-01 
39888.352070 2.04274023e-01 
39901.864380 1.95671560e-01 
39915.376700 1.87252555e-01 
39928.889010 1.79029935e-01 
39942.401330 1.71013915e-01 
39955.913640 1.63213957e-01 
39969.425960 1.55638257e-01 
39982.938270 1.48293014e-01 
39996.450580 1.41182729e-01 
40009.962900 1.34310050e-01 
40023.475210 1.27680405e-01 
40036.987530 1.21295175e-01 
40050.499840 1.15154472e-01 
40064.012160 1.09256745e-01 
40077.524470 1.03599537e-01 
40091.036790 9.81803255e-02 
40104.549100 9.30004983e-02 
40118.061410 8.80579826e-02 
40131.573730 8.33394376e-02 
40145.086040 7.88402058e-02 
40158.598360 7.45542006e-02 
40172.110670 7.04751120e-02 
40185.622990 6.66396333e-02 
40199.135300 6.29841010e-02 
40212.647610 5.95401019e-02 
40226.159930 5.62069123e-02 
40239.672240 5.30488152e-02 
40253.184560 5.00575401e-02 
40266.696870 4.72260391e-02 
40280.209190 4.45478280e-02 
40293.721500 4.20161375e-02 
40307.233820 3.96235658e-02 
40320.746130 3.73640142e-02 
40334.258440 3.52304862e-02 
40347.770760 3.32159476e-02 
40361.283070 3.13155375e-02 
40374.795390 2.95240210e-02 
40388.307700 2.78353320e-02 
40401.820020 2.62437963e-02 
40415.332330 2.47471965e-02 
40428.844650 2.33368758e-02 
40442.356960 2.20083419e-02 
40455.869270 2.07580117e-02 
40469.381590 1.95810330e-02 
40482.893900 1.84723185e-02 
40496.406220 1.74277704e-02 
40509.918530 1.64431541e-02 
40523.430850 1.55156113e-02 
40536.943160 1.46426358e-02 
40550.455470 1.38216840e-02 
40563.967790 1.30493035e-02 
40577.480100 1.23219651e-02 
40590.992420 1.16371039e-02 
40604.504730 1.09985380e-02 
40618.017050 1.03977465e-02 
40631.529360 9.82547971e-03 
40645.041680 9.28681744e-03 
40658.553990 8.77940384e-03 
40672.066300 8.30109763e-03 
40685.578620 7.85094933e-03 
40699.090930 7.42754830e-03 
40712.603250 7.02917157e-03 
40726.115560 6.65838227e-03 
40739.627880 6.30740859e-03 
40753.140190 5.97416019e-03 
40766.652500 5.66032036e-03 
40780.164820 5.36535499e-03 
40793.677130 5.08721219e-03 
40807.189450 4.82395182e-03 
40820.701760 4.57542096e-03 
40834.214080 4.34129373e-03 
40847.726390 4.12018796e-03 
40861.238710 3.91077948e-03 
40874.751020 3.71270111e-03 
40888.263330 3.52485541e-03 
40901.775650 3.34725517e-03 
40915.287960 3.17994449e-03 
40928.800280 3.02249628e-03 
40942.312590 2.87367967e-03 
40955.824910 2.73330455e-03 
40969.337220 2.60119070e-03 
40982.849530 2.47615026e-03 
40996.361850 2.35768371e-03 
41009.874160 2.24554339e-03 
41023.386480 2.13957781e-03 
41036.898790 2.04033935e-03 
41050.411110 1.94545936e-03 
41063.923420 1.85491319e-03 
41077.435740 1.76895497e-03 
41090.948050 1.68734630e-03 
41104.460360 1.61078269e-03 
41117.972680 1.53863939e-03 
41131.484990 1.46983727e-03 
41144.997310 1.40460608e-03 
41158.509620 1.34274676e-03 
41172.021940 1.28382923e-03 
41185.534250 1.22840036e-03 
41199.046570 1.17613012e-03 
41212.558880 1.12566404e-03 
41226.071190 1.07727110e-03 
41239.583510 1.03116739e-03 
41253.095820 9.87710697e-04 
41266.608140 9.46147542e-04 
41280.120450 9.06369310e-04 
41293.632770 8.68693951e-04 
41307.145080 8.32727505e-04 
41320.657390 7.98485834e-04 
41334.169710 7.66392074e-04 
41347.682020 7.36333304e-04 
41361.194340 7.07319464e-04 
41374.706650 6.79617748e-04 
41388.218970 6.53555179e-04 
41401.731280 6.28806482e-04 
41415.243600 6.04330404e-04 
41428.755910 5.80451018e-04 
41442.268220 5.57488337e-04 
41455.780540 5.35757795e-04 
41469.292850 5.15359428e-04 
41482.805170 4.96998758e-04 
41496.317480 4.78942196e-04 
41509.829800 4.61481005e-04 
41523.342110 4.45479403e-04 
41536.854420 4.30709802e-04 
41550.366740 4.16018474e-04 
41563.879050 4.00880257e-04 
41577.391370 3.86286669e-04 
41590.903680 3.72418887e-04 
41604.416000 3.59434828e-04 
41617.928310 3.46916680e-04 
41631.440630 3.34947037e-04 
41644.952940 3.23231473e-04 
41658.465250 3.12224394e-04 
41671.977570 3.02312673e-04 
41685.489880 2.93284311e-04 
41699.002200 2.84334666e-04 
41712.514510 2.75552589e-04 
41726.026830 2.67400457e-04 
41739.539140 2.59388475e-04 
41753.051460 2.51320377e-04 
41766.563770 2.43825594e-04 
41780.076080 2.37068951e-04 
41793.588400 2.30240709e-04 
41807.100710 2.23379700e-04 
41820.613030 2.16661569e-04 
41834.125340 2.10298252e-04 
41847.637660 2.04091125e-04 
41861.149970 1.98550999e-04 
41874.662280 1.93354859e-04 
41888.174600 1.88105943e-04 
41901.686910 1.82606437e-04 
41915.199230 1.77631479e-04 
41928.711540 1.73158855e-04 
41942.223860 1.68925582e-04 
41955.736170 1.64438456e-04 
41969.248490 1.60342332e-04 
41982.760800 1.56250061e-04 
41996.273110 1.52004067e-04 
42009.785430 1.47993869e-04 
42023.297740 1.44360247e-04 
42036.810060 1.40907627e-04 
42050.322370 1.37551498e-04 
42063.834690 1.34754621e-04 
42077.347000 1.32253421e-04 
42090.859310 1.29812520e-04 
42104.371630 1.27678647e-04 
42117.883940 1.26164193e-04 
42131.396260 1.24674196e-04 
42144.908570 1.22862696e-04 
42158.420890 1.20745268e-04 
42171.933200 1.18732637e-04 
42185.445520 1.16606360e-04 
42198.957830 1.14647074e-04 
42212.470140 1.12821111e-04 
42225.982460 1.10851739e-04 
42239.494770 1.08417720e-04 
42253.007090 1.06034335e-04 
42266.519400 1.03979903e-04 
42280.031720 1.02020610e-04 
42293.544030 1.00201835e-04 
42307.056340 9.87559015e-05 
42320.568660 9.75861698e-05 
42334.080970 9.61824307e-05 
42347.593290 9.46794485e-05 
42361.105600 9.36138440e-05 
42374.617920 9.26534249e-05 
42388.130230 9.10426005e-05 
42401.642550 8.84925878e-05 
42415.154860 8.58325402e-05 
42428.667170 8.33654346e-05 
42442.179490 8.14465092e-05 
42455.691800 8.02945926e-05 
42469.204120 7.95020984e-05 
42482.716430 7.86467471e-05 
42496.228750 7.77937482e-05 
42509.741060 7.73441412e-05 
42523.253380 7.67880337e-05 
42536.765690 7.55438964e-05 
42550.278000 7.36977205e-05 
42563.790320 7.15391280e-05 
42577.302630 6.92144576e-05 
42590.814950 6.68251631e-05 
42604.327260 6.48457647e-05 
42617.839580 6.33803700e-05 
42631.351890 6.22403101e-05 
42644.864200 6.13170899e-05 
42658.376520 6.08672422e-05 
42671.888830 6.06978116e-05 
42685.401150 6.03628403e-05 
42698.913460 5.97235754e-05 
42712.425780 5.89183975e-05 
42725.938090 5.78551689e-05 
42739.450410 5.64012582e-05 
42752.962720 5.49306745e-05 
42766.475030 5.36232560e-05 
42779.987350 5.22403096e-05 
42793.499660 5.07330072e-05 
42807.011980 4.97918424e-05 
42820.524290 4.96825634e-05 
42834.036610 4.98877685e-05 
42847.548920 5.02511345e-05 
42861.061230 5.08758882e-05 
42874.573550 5.16826559e-05 
42888.085860 5.23357741e-05 
42901.598180 5.27924709e-05 
42915.110490 5.30147523e-05 
42928.622810 5.28142493e-05 
42942.135120 5.22274026e-05 
42955.647440 5.13567776e-05 
42969.159750 5.04491675e-05 
42982.672060 4.94254280e-05 
42996.184380 4.81063117e-05 
43009.696690 4.68793325e-05 
43023.209010 4.57793384e-05 
43036.721320 4.46324409e-05 
43050.233640 4.35527522e-05 
43063.745950 4.26622568e-05 
43077.258260 4.18558448e-05 
43090.770580 4.09461757e-05 
43104.282890 4.03291906e-05 
43117.795210 3.98959775e-05 
43131.307520 3.99019167e-05 
43144.819840 3.99879362e-05 
43158.332150 4.01651047e-05 
43171.844470 4.04600759e-05 
43185.356780 4.08784790e-05 
43198.869090 4.10518439e-05 
43212.381410 4.12210878e-05 
43225.893720 4.15384638e-05 
43239.406040 4.15508220e-05 
43252.918350 4.11139616e-05 
43266.430670 4.04510420e-05 
43279.942980 3.97014159e-05 
43293.455300 3.89673134e-05 
43306.967610 3.81846164e-05 
43320.479920 3.73534429e-05 
43333.992240 3.65754152e-05 
43347.504550 3.61953245e-05 
43361.016870 3.62327948e-05 
43374.529180 3.66211373e-05 
43388.041500 3.71025680e-05 
43401.553810 3.73331953e-05 
43415.066120 3.72089633e-05 
43428.578440 3.70242935e-05 
43442.090750 3.67029413e-05 
43455.603070 3.61668294e-05 
43469.115380 3.52093625e-05 
43482.627700 3.39283717e-05 
43496.140010 3.24406620e-05 
43509.652330 3.12991509e-05 
43523.164640 3.06863130e-05 
43536.676950 3.05025577e-05 
43550.189270 3.05968974e-05 
43563.701580 3.07523758e-05 
43577.213900 3.10244881e-05 
43590.726210 3.15461220e-05 
43604.238530 3.23071709e-05 
43617.750840 3.26410678e-05 
43631.263150 3.24355174e-05 
43644.775470 3.17729485e-05 
43658.287780 3.09564260e-05 
43671.800100 3.00146018e-05 
43685.312410 2.92993820e-05 
43698.824730 2.87451213e-05 
43712.337040 2.83300802e-05 
43725.849360 2.77826234e-05 
43739.361670 2.74579485e-05 
43752.873980 2.73998205e-05 
43766.386300 2.77124448e-05 
43779.898610 2.80765938e-05 
43793.410930 2.84435894e-05 
43806.923240 2.85606698e-05 
43820.435560 2.83857920e-05 
43833.947870 2.82774341e-05 
43847.460180 2.83740471e-05 
43860.972500 2.84999512e-05 
43874.484810 2.83091054e-05 
43887.997130 2.79066214e-05 
43901.509440 2.73492902e-05 
43915.021760 2.68303732e-05 
43928.534070 2.62443733e-05 
43942.046390 2.55753353e-05 
43955.558700 2.48315283e-05 
43969.071010 2.44495257e-05 
43982.583330 2.44440792e-05 
43996.095640 2.47607769e-05 
44009.607960 2.49673742e-05 
44023.120270 2.50261675e-05 
44036.632590 2.51971498e-05 
44050.144900 2.54117026e-05 
44063.657220 2.54574839e-05 
44077.169530 2.51961725e-05 
44090.681840 2.47500865e-05 
44104.194160 2.43485393e-05 
44117.706470 2.42033153e-05 
44131.218790 2.45622036e-05 
44144.731100 2.50712030e-05 
44158.243420 2.56141402e-05 
44171.755730 2.58889294e-05 
44185.268040 2.58653904e-05 
44198.780360 2.55850542e-05 
44212.292670 2.50161032e-05 
44225.804990 2.43398392e-05 
44239.317300 2.33701917e-05 
44252.829620 2.25314378e-05 
44266.341930 2.18308283e-05 
44279.854250 2.18161516e-05 
44293.366560 2.22035159e-05 
44306.878870 2.29593119e-05 
44320.391190 2.38298084e-05 
44333.903500 2.48002117e-05 
44347.415820 2.57837193e-05 
44360.928130 2.67147369e-05 
44374.440450 2.78510076e-05 
44387.952760 2.90188729e-05 
44401.465070 3.01835908e-05 
44414.977390 3.09395704e-05 
44428.489700 3.15137637e-05 
44442.002020 3.17070211e-05 
44455.514330 3.19109302e-05 
44469.026650 3.17648072e-05 
44482.538960 3.11765129e-05 
44496.051280 2.99191169e-05 
44509.563590 2.84527113e-05 
44523.075900 2.72335250e-05 
44536.588220 2.64364433e-05 
44550.100530 2.61360477e-05 
44563.612850 2.60138818e-05 
44577.125160 2.64413306e-05 
44590.637480 2.69713244e-05 
44604.149790 2.77491649e-05 
44617.662110 2.82426857e-05 
44631.174420 2.87447775e-05 
44644.686730 2.89516627e-05 
44658.199050 2.88498017e-05 
44671.711360 2.82090013e-05 
44685.223680 2.72485427e-05 
44698.735990 2.65658842e-05 
44712.248310 2.62786975e-05 
44725.760620 2.62509519e-05 
44739.272930 2.58852055e-05 
44752.785250 2.55929269e-05 
44766.297560 2.51831074e-05 
44779.809880 2.51568113e-05 
44793.322190 2.51666020e-05 
44806.834510 2.53586255e-05 
44820.346820 2.50774219e-05 
44833.859140 2.45070107e-05 
44847.371450 2.39860223e-05 
44860.883760 2.36109695e-05 
44874.396080 2.36702514e-05 
44887.908390 2.34604641e-05 
44901.420710 2.31830270e-05 
44914.933020 2.27351901e-05 
44928.445340 2.26385427e-05 
44941.957650 2.25378390e-05 
44955.469960 2.25492854e-05 
44968.982280 2.25340033e-05 
44982.494590 2.25753281e-05 
44996.006910 2.25017958e-05 
45009.519220 2.20009054e-05 
45023.031540 2.12328019e-05 
45036.543850 2.02441943e-05 
45050.056170 1.93987302e-05 
45063.568480 1.86874470e-05 
45077.080790 1.81142817e-05 
45090.593110 1.74778147e-05 
45104.105420 1.71032434e-05 
45117.617740 1.71617137e-05 
45131.130050 1.75851779e-05 
45144.642370 1.84974163e-05 
45158.154680 1.94948015e-05 
45171.666990 2.03798714e-05 
45185.179310 2.11646252e-05 
45198.691620 2.22215443e-05 
45212.203940 2.30682833e-05 
45225.716250 2.35327853e-05 
45239.228570 2.35786622e-05 
45252.740880 2.34974070e-05 
45266.253200 2.34455273e-05 
45279.765510 2.31587956e-05 
45293.277820 2.27556284e-05 
45306.790140 2.21437118e-05 
45320.302450 2.19591651e-05 
45333.814770 2.19104324e-05 
45347.327080 2.20439892e-05 
45360.839400 2.21190507e-05 
45374.351710 2.20675180e-05 
45387.864030 2.16538904e-05 
45401.376340 2.09588428e-05 
45414.888650 2.01830544e-05 
45428.400970 1.92087125e-05 
45441.913280 1.83069721e-05 
45455.425600 1.73674798e-05 
45468.937910 1.66056488e-05 
45482.450230 1.63693679e-05 
45495.962540 1.67438043e-05 
45509.474850 1.72564645e-05 
45522.987170 1.77320691e-05 
45536.499480 1.83910929e-05 
45550.011800 1.89576037e-05 
45563.524110 1.95199803e-05 
45577.036430 1.98417556e-05 
45590.548740 2.00371444e-05 
45604.061060 2.01369931e-05 
45617.573370 2.01044124e-05 
45631.085680 1.99479256e-05 
45644.598000 1.96722192e-05 
45658.110310 1.96920691e-05 
45671.622630 1.94985628e-05 
45685.134940 1.92212743e-05 
45698.647260 1.86963717e-05 
45712.159570 1.83533920e-05 
45725.671880 1.82136213e-05 
45739.184200 1.78992133e-05 
45752.696510 1.72361019e-05 
45766.208830 1.63686247e-05 
45779.721140 1.57934159e-05 
45793.233460 1.53802278e-05 
45806.745770 1.52408341e-05 
45820.258090 1.52999587e-05 
45833.770400 1.52611813e-05 
45847.282710 1.51783336e-05 
45860.795030 1.50459814e-05 
45874.307340 1.51848964e-05 
45887.819660 1.54800750e-05 
45901.331970 1.58350135e-05 
45914.844290 1.55486580e-05 
45928.356600 1.48463773e-05 
45941.868910 1.46207764e-05 
45955.381230 1.48858591e-05 
45968.893540 1.55723878e-05 
45982.405860 1.59242507e-05 
45995.918170 1.60771392e-05 
46009.430490 1.60657732e-05 
46022.942800 1.62864306e-05 
46036.455120 1.65414533e-05 
46049.967430 1.66158779e-05 
46063.479740 1.68223236e-05 
46076.992060 1.67581468e-05 
46090.504370 1.65440370e-05 
46104.016690 1.61039737e-05 
46117.529000 1.56864718e-05 
46131.041320 1.52592949e-05 
46144.553630 1.44675566e-05 
46158.065950 1.34467639e-05 
46171.578260 1.21908723e-05 
46185.090570 1.14705555e-05 
46198.602890 1.09762706e-05 
46212.115200 1.05879238e-05 
46225.627520 1.02297634e-05 
46239.139830 1.00059680e-05 
46252.652150 1.00169779e-05 
46266.164460 9.82712327e-06 
46279.676770 9.64133641e-06 
46293.189090 9.40131975e-06 
46306.701400 9.45734031e-06 
46320.213720 9.65179631e-06 
46333.726030 9.70376718e-06 
46347.238350 9.80136087e-06 
46360.750660 1.00898827e-05 
46374.262980 1.07547880e-05 
46387.775290 1.11378663e-05 
46401.287600 1.12130597e-05 
46414.799920 1.10981426e-05 
46428.312230 1.08541457e-05 
46441.824550 1.06061600e-05 
46455.336860 1.02543785e-05 
46468.849180 9.92251060e-06 
46482.361490 9.48628343e-06 
46495.873800 9.17857207e-06 
46509.386120 8.90001859e-06 
46522.898430 8.59279081e-06 
46536.410750 8.62485311e-06 
46549.923060 8.83779968e-06 
46563.435380 9.30654247e-06 
46576.947690 9.69154306e-06 
46590.460010 1.00994054e-05 
46603.972320 1.06264224e-05 
46617.484630 1.07059926e-05 
46630.996950 1.06230576e-05 
46644.509260 1.02142004e-05 
46658.021580 9.81313261e-06 
46671.533890 9.28438498e-06 
46685.046210 8.61348277e-06 
46698.558520 8.01938475e-06 
46712.070830 7.54462821e-06 
46725.583150 7.71597373e-06 
46739.095460 7.96549540e-06 
46752.607780 8.09722049e-06 
46766.120090 8.13564966e-06 
46779.632410 8.23678664e-06 
46793.144720 8.76576657e-06 
46806.657040 9.22191747e-06 
46820.169350 9.60656787e-06 
46833.681660 1.01077518e-05 
46847.193980 1.05580556e-05 
46860.706290 1.09829755e-05 
46874.218610 1.12121030e-05 
46887.730920 1.14633104e-05 
46901.243240 1.17780715e-05 
46914.755550 1.23223559e-05 
46928.267870 1.30673462e-05 
46941.780180 1.34685275e-05 
46955.292490 1.40064400e-05 
46968.804810 1.46053371e-05 
46982.317120 1.50654557e-05 
46995.829440 1.47299772e-05 
47009.341750 1.38132015e-05 
47022.854070 1.27739093e-05 
47036.366380 1.15990347e-05 
47049.878690 1.06423717e-05 
47063.391010 9.81797404e-06 
47076.903320 9.33533782e-06 
47090.415640 9.52691348e-06 
47103.927950 1.01651480e-05 
47117.440270 1.08463332e-05 
47130.952580 1.13089041e-05 
47144.464900 1.16982422e-05 
47157.977210 1.21819934e-05 
47171.489520 1.23741629e-05 
47185.001840 1.23132227e-05 
47198.514150 1.19622986e-05 
47212.026470 1.18806499e-05 
47225.538780 1.22509823e-05 
47239.051100 1.27395307e-05 
47252.563410 1.32565460e-05 
47266.075720 1.36230573e-05 
47279.588040 1.40899477e-05 
47293.100350 1.44461562e-05 
47306.612670 1.45764991e-05 
47320.124980 1.47291182e-05 
47333.637300 1.47273801e-05 
47347.149610 1.47939930e-05 
47360.661930 1.45311744e-05 
47374.174240 1.39203107e-05 
47387.686550 1.33190386e-05 
47401.198870 1.28384057e-05 
47414.711180 1.25018436e-05 
47428.223500 1.19335180e-05 
47441.735810 1.12467600e-05 
47455.248130 1.06846186e-05 
47468.760440 1.04794073e-05 
47482.272760 1.05206259e-05 
47495.785070 1.05286057e-05 
47509.297380 1.06446803e-05 
47522.809700 1.10445856e-05 
47536.322010 1.15020764e-05 
47549.834330 1.19483367e-05 
47563.346640 1.22160305e-05 
47576.858960 1.23984584e-05 
47590.371270 1.26945930e-05 
47603.883580 1.25952302e-05 
47617.395900 1.21552747e-05 
47630.908210 1.14230464e-05 
47644.420530 1.09465606e-05 
47657.932840 1.08209607e-05 
47671.445160 1.06082415e-05 
47684.957470 1.02192249e-05 
47698.469790 9.59995092e-06 
47711.982100 9.28352402e-06 
47725.494410 9.13994160e-06 
47739.006730 8.82287102e-06 
47752.519040 8.36801648e-06 
47766.031360 7.81228616e-06 
47779.543670 7.61734992e-06 
47793.055990 7.71324408e-06 
47806.568300 7.80686620e-06 
47820.080610 7.98357948e-06 
47833.592930 8.20435214e-06 
47847.105240 8.52420898e-06 
47860.617560 8.72663125e-06 
47874.129870 8.57161621e-06 
47887.642190 8.34038753e-06 
47901.154500 8.18607568e-06 
47914.666820 8.10867343e-06 
47928.179130 7.72967202e-06 
47941.691440 7.18517429e-06 
47955.203760 6.77552660e-06 
47968.716070 6.47289105e-06 
47982.228390 6.38488521e-06 
47995.740700 6.05361820e-06 
48009.253020 5.43066062e-06 
48022.765330 4.91283543e-06 
48036.277640 4.97474573e-06 
48049.789960 5.13600333e-06 
48063.302270 5.02981672e-06 
48076.814590 4.81687998e-06 
48090.326900 4.63980418e-06 
48103.839220 4.64929246e-06 
48117.351530 4.70129188e-06 
48130.863850 4.63731502e-06 
48144.376160 4.32430020e-06 
48157.888470 4.27790708e-06 
48171.400790 4.66241003e-06 
48184.913100 5.06818713e-06 
48198.425420 5.30410382e-06 
48211.937730 5.31719013e-06 
48225.450050 5.32646622e-06 
48238.962360 5.17699474e-06 
48252.474680 4.88235908e-06 
48265.986990 4.43172067e-06 
48279.499300 3.86007023e-06 
48293.011620 3.39546124e-06 
48306.523930 3.08610516e-06 
48320.036250 2.85463848e-06 
48333.548560 2.77906183e-06 
48347.060880 3.15335233e-06 
48360.573190 3.81911642e-06 
48374.085500 4.56582689e-06 
48387.597820 5.24643651e-06 
48401.110130 5.96651504e-06 
48414.622450 6.76792175e-06 
48428.134760 7.69100578e-06 
48441.647080 8.62897638e-06 
48455.159390 9.18388244e-06 
48468.671710 9.54141801e-06 
48482.184020 9.82938056e-06 
48495.696330 1.00616847e-05 
48509.208650 1.01550569e-05 
48522.720960 1.00676747e-05 
48536.233280 1.00029306e-05 
48549.745590 1.01115554e-05 
48563.257910 1.03526830e-05 
48576.770220 1.06070709e-05 
48590.282530 1.07389918e-05 
48603.794850 1.09603461e-05 
48617.307160 1.13100906e-05 
48630.819480 1.15728815e-05 
48644.331790 1.16284673e-05 
48657.844110 1.13524000e-05 
48671.356420 1.10825509e-05 
48684.868740 1.09284114e-05 
48698.381050 1.06755620e-05 
48711.893360 1.02527097e-05 
48725.405680 9.77487310e-06 
48738.917990 9.57475905e-06 
48752.430310 9.73322572e-06 
48765.942620 9.77863961e-06 
48779.454940 9.61880273e-06 
48792.967250 9.21562884e-06 
48806.479560 8.97977464e-06 
48819.991880 9.02287779e-06 
48833.504190 9.01604758e-06 
48847.016510 8.76458313e-06 
48860.528820 8.30972743e-06 
48874.041140 8.10924989e-06 
48887.553450 8.18093368e-06 
48901.065770 8.23887048e-06 
48914.578080 8.24641624e-06 
48928.090390 8.17416532e-06 
48941.602710 8.20176854e-06 
48955.115020 8.30475867e-06 
48968.627340 8.17057244e-06 
48982.139650 7.88007004e-06 
48995.651970 7.54287178e-06 
49009.164280 7.63691739e-06 
49022.676600 7.72232100e-06 
49036.188910 7.63152392e-06 
49049.701220 7.31421924e-06 
49063.213540 7.07107034e-06 
49076.725850 7.30786487e-06 
49090.238170 7.53023393e-06 
49103.750480 7.58544052e-06 
49117.262800 7.10927751e-06 
49130.775110 6.64980629e-06 
49144.287420 6.31244098e-06 
49157.799740 6.17213892e-06 
49171.312050 6.06037588e-06 
49184.824370 5.65538514e-06 
49198.336680 5.34395819e-06 
49211.849000 5.19998870e-06 
49225.361310 5.37560677e-06 
49238.873630 5.54572709e-06 
49252.385940 5.72406740e-06 
49265.898250 5.88047265e-06 
49279.410570 6.16062913e-06 
49292.922880 6.46733539e-06 
49306.435200 6.68706301e-06 
49319.947510 6.74994897e-06 
49333.459830 6.63390947e-06 
49346.972140 6.57431506e-06 
49360.484450 6.71174608e-06 
49373.996770 6.64441668e-06 
49387.509080 6.28859319e-06 
49401.021400 6.00882479e-06 
49414.533710 5.94085085e-06 
49428.046030 6.10891197e-06 
49441.558340 6.09389342e-06 
49455.070660 6.04056850e-06 
49468.582970 5.73442317e-06 
49482.095280 5.73093727e-06 
49495.607600 5.87482803e-06 
49509.119910 5.62393434e-06 
49522.632230 5.16045050e-06 
49536.144540 4.60109399e-06 
49549.656860 4.38662551e-06 
49563.169170 4.27864233e-06 
49576.681480 4.29209388e-06 
49590.193800 4.15442806e-06 
49603.706110 3.97138317e-06 
49617.218430 4.18104025e-06 
49630.730740 4.54896714e-06 
49644.243060 4.90152443e-06 
49657.755370 4.97302431e-06 
49671.267690 4.86100091e-06 
49684.780000 4.66134770e-06 
49698.292310 4.50955117e-06 
49711.804630 4.39759031e-06 
49725.316940 4.18321763e-06 
49738.829260 3.89070310e-06 
49752.341570 3.66655633e-06 
49765.853890 3.70360049e-06 
49779.366200 3.74213116e-06 
49792.878520 3.41627802e-06 
49806.390830 3.03185977e-06 
49819.903140 2.63159525e-06 
49833.415460 2.31175103e-06 
49846.927770 1.94678181e-06 
49860.440090 1.61991728e-06 
49873.952400 1.30808340e-06 
49887.464720 1.22971320e-06 
49900.977030 1.63517400e-06 
49914.489340 2.13526979e-06 
49928.001660 2.59763509e-06 
49941.513970 2.88226640e-06 
49955.026290 3.24497418e-06 
49968.538600 3.45565929e-06 
49982.050920 3.54365363e-06 
49995.563230 3.42382478e-06 
50009.075550 3.23447967e-06 
50022.587860 3.10045573e-06 
50036.100170 2.99323968e-06 
50049.612490 3.14770346e-06 
50063.124800 3.17134017e-06 
50076.637120 3.11212910e-06 
50090.149430 3.02073466e-06 
50103.661750 3.10147028e-06 
50117.174060 3.22379186e-06 
50130.686370 3.08655067e-06 
50144.198690 2.87443641e-06 
50157.711000 2.49607980e-06 
50171.223320 2.23047724e-06 
50184.735630 2.08602420e-06 
50198.247950 2.04511342e-06 
50211.760260 1.78324733e-06 
50225.272580 1.54867809e-06 
50238.784890 1.61686237e-06 
50252.297200 1.78772403e-06 
50265.809520 1.81992983e-06 
50279.321830 1.60040748e-06 
50292.834150 1.36852422e-06 
50306.346460 1.14505012e-06 
50319.858780 1.23773441e-06 
50333.371090 1.30533346e-06 
50346.883410 1.39388239e-06 
50360.395720 1.43238348e-06 
50373.908030 1.58099580e-06 
50387.420350 1.91086604e-06 
50400.932660 2.17177822e-06 
50414.444980 2.38231678e-06 
50427.957290 2.41179588e-06 
50441.469610 2.40261295e-06 
50454.981920 2.25227598e-06 
50468.494230 2.09737438e-06 
50482.006550 1.82825911e-06 
50495.518860 1.50151573e-06 
50509.031180 1.23723560e-06 
50522.543490 1.01945000e-06 
50536.055810 8.22243641e-07 
50549.568120 6.06917985e-07 
50563.080440 3.69133707e-07 
50576.592750 1.33748248e-07 
50590.105060 2.27642833e-08 
50603.617380 7.09706762e-09 
50617.129690 4.10679725e-08 
50630.642010 4.15962635e-08 
50644.154320 4.14887774e-08 
50657.666640 4.13809795e-08 
50671.178950 4.12728590e-08 
50684.691260 4.11644045e-08 
50698.203580 4.10489931e-08 
50711.715890 3.77991851e-08 
50725.228210 4.11300767e-09 
50738.740520 3.47247867e-09 
50752.252840 3.46593750e-09 
50765.765150 3.51345507e-09 
50779.277470 8.07075870e-09 
50792.789780 5.92176317e-08 
50806.302090 1.10692235e-07 
50819.814410 1.91060635e-07 
50833.326720 2.76384875e-07 
50846.839040 3.36384391e-07 
50860.351350 3.68312684e-07 
50873.863670 4.10439195e-07 
50887.375980 4.76433123e-07 
50900.888290 4.27894364e-07 
50914.400610 3.76680058e-07 
50927.912920 3.00821981e-07 
50941.425240 3.21479180e-07 
50954.937550 4.36431320e-07 
50968.449870 6.31164102e-07 
50981.962180 7.86883469e-07 
50995.474500 7.60082393e-07 
