20004.663860 4.06991252e-12 
20020.744780 4.14007106e-12 
20036.825700 3.97429651e-12 
20052.906620 3.57996031e-12 
20068.987540 3.26683662e-12 
20085.068460 2.97115329e-12 
20101.149380 2.61611178e-12 
20117.230300 2.29076928e-12 
20133.311220 2.09215838e-12 
20149.392140 2.02880559e-12 
20165.473060 2.04037689e-12 
20181.553980 2.08870896e-12 
20197.634900 2.05092776e-12 
20213.715820 2.05283722e-12 
20229.796740 2.13144906e-12 
20245.877660 2.12289303e-12 
20261.958580 2.03170118e-12 
20278.039490 1.91696431e-12 
20294.120410 1.90353973e-12 
20310.201330 1.89625841e-12 
20326.282250 1.85667854e-12 
20342.363170 1.82450402e-12 
20358.444090 1.88534301e-12 
20374.525010 1.95514362e-12 
20390.605930 2.02051142e-12 
20406.686850 2.08344255e-12 
20422.767770 2.05579568e-12 
20438.848690 2.03911693e-12 
20454.929610 2.07802559e-12 
20471.010530 2.07717177e-12 
20487.091450 1.99346313e-12 
20503.172370 1.95830058e-12 
20519.253290 2.03035527e-12 
20535.334210 2.11969098e-12 
20551.415130 2.09293492e-12 
20567.496050 2.11741481e-12 
20583.576970 2.30291153e-12 
20599.657880 2.59192158e-12 
20615.738800 2.85170291e-12 
20631.819720 3.11055362e-12 
20647.900640 3.38388949e-12 
20663.981560 3.76720454e-12 
20680.062480 4.30507894e-12 
20696.143400 4.81628482e-12 
20712.224320 5.07980252e-12 
20728.305240 5.34802365e-12 
20744.386160 5.87560548e-12 
20760.467080 6.43476501e-12 
20776.548000 6.43415087e-12 
20792.628920 6.22640812e-12 
20808.709840 6.09165269e-12 
20824.790760 6.24827216e-12 
20840.871680 6.05738064e-12 
20856.952600 5.65165144e-12 
20873.033520 5.05366948e-12 
20889.114440 5.24058021e-12 
20905.195360 6.14358115e-12 
20921.276270 7.20163794e-12 
20937.357190 7.49448196e-12 
20953.438110 6.66116764e-12 
20969.519030 6.98859640e-12 
20985.599950 8.04347557e-12 
21001.680870 8.37502631e-12 
21017.761790 5.76648076e-12 
21033.842710 3.51334123e-12 
21049.923630 1.59932725e-12 
21066.004550 1.51354505e-12 
21082.085470 1.66086719e-12 
21098.166390 1.69969080e-12 
21114.247310 9.66435576e-13 
21130.328230 2.42643569e-12 
21146.409150 2.70845381e-12 
21162.490070 2.84913460e-12 
21178.570990 2.87524889e-12 
21194.651910 3.38235054e-12 
21210.732830 5.04152586e-12 
21226.813750 7.53087759e-12 
21242.894660 8.32883198e-12 
21258.975580 6.29812641e-12 
21275.056500 6.04444362e-12 
21291.137420 6.23501627e-12 
21307.218340 7.19687785e-12 
21323.299260 6.41090587e-12 
21339.380180 4.87058478e-12 
21355.461100 2.70660169e-12 
21371.542020 1.74968923e-12 
21387.622940 1.60379569e-12 
21403.703860 1.53088353e-12 
21419.784780 1.18631017e-12 
21435.865700 1.69463959e-13 
21451.946620 1.17694816e-13 
21468.027540 1.16748872e-13 
21484.108460 1.16440087e-13 
21500.189380 1.16411307e-13 
21516.270300 1.16705147e-13 
21532.351220 1.17323644e-13 
21548.432140 1.18031150e-13 
21564.513050 1.19227321e-13 
21580.593970 1.20371139e-13 
21596.674890 1.22120103e-13 
21612.755810 1.24270478e-13 
21628.836730 1.26247202e-13 
21644.917650 1.28772951e-13 
21660.998570 1.31617166e-13 
21677.079490 1.34792410e-13 
21693.160410 1.38300813e-13 
21709.241330 1.41842693e-13 
21725.322250 1.46264034e-13 
21741.403170 1.50956548e-13 
21757.484090 1.56138670e-13 
21773.565010 1.62697742e-13 
21789.645930 2.30910535e-13 
21805.726850 1.25722690e-12 
21821.807770 1.52302213e-12 
21837.888690 1.60578358e-12 
21853.969610 1.69830368e-12 
21870.050530 1.96235576e-12 
21886.131450 2.92982580e-12 
21902.212360 3.16867539e-12 
21918.293280 3.27096699e-12 
21934.374200 2.01237438e-12 
21950.455120 3.65405411e-12 
21966.536040 1.19086847e-11 
21982.616960 2.26682273e-11 
21998.697880 3.63699679e-11 
22014.778800 5.30862613e-11 
22030.859720 7.63177686e-11 
22046.940640 1.07321629e-10 
22063.021560 1.48516531e-10 
22079.102480 1.92198401e-10 
22095.183400 2.25385009e-10 
22111.264320 2.58489452e-10 
22127.345240 3.03295288e-10 
22143.426160 3.66957993e-10 
22159.507080 4.30877309e-10 
22175.588000 6.96276105e-10 
22191.668920 1.04931178e-09 
22207.749840 1.38770681e-09 
22217.869750 1.70911130e-09 
22229.879410 2.14718698e-09 
22241.889070 2.70482423e-09 
22253.898730 3.31213694e-09 
22265.908390 3.99440848e-09 
22277.918050 4.16472742e-09 
22289.927710 4.42612367e-09 
22301.937370 4.82136785e-09 
22313.947030 5.27423354e-09 
22325.956690 5.86293752e-09 
22337.966350 6.41388141e-09 
22349.976010 6.79737364e-09 
22361.985670 7.43716906e-09 
22373.995330 8.00903251e-09 
22386.004980 8.52679921e-09 
22398.014640 9.43817045e-09 
22410.024300 1.03587102e-08 
22422.033960 1.11918561e-08 
22434.043620 1.18547121e-08 
22446.053280 1.31807833e-08 
22458.062940 1.44424413e-08 
22470.072600 1.63143133e-08 
22482.082260 1.87458477e-08 
22494.091920 2.14715896e-08 
22506.101580 2.39176566e-08 
22518.111240 2.81178796e-08 
22530.120900 3.42861478e-08 
22542.130560 4.02909065e-08 
22554.140210 4.66851688e-08 
22566.149870 5.45011131e-08 
22578.159530 6.27445821e-08 
22590.169190 7.05675145e-08 
22602.178850 8.30725787e-08 
22614.188510 9.50862164e-08 
22626.198170 1.08127233e-07 
22638.207830 1.22397687e-07 
22650.217490 1.37920815e-07 
22662.227150 1.49584851e-07 
22674.236810 1.62648607e-07 
22686.246470 1.77079502e-07 
22698.256130 1.92143324e-07 
22710.265790 1.98958164e-07 
22722.275450 2.04378802e-07 
22734.285100 2.11957465e-07 
22746.294760 2.18919902e-07 
22758.304420 2.34420683e-07 
22770.314080 2.48369232e-07 
22782.323740 2.57051956e-07 
22794.333400 2.58692640e-07 
22806.343060 2.75575296e-07 
22818.352720 2.93348799e-07 
22830.362380 3.09598890e-07 
22842.372040 3.29613044e-07 
22854.381700 3.52356443e-07 
22866.391360 3.76788163e-07 
22878.401020 4.12582185e-07 
22890.410680 4.61263305e-07 
22902.420340 5.10632251e-07 
22914.429990 5.71765893e-07 
22926.439650 6.38990691e-07 
22938.449310 7.24930481e-07 
22950.458970 8.12779435e-07 
22962.468630 9.13702976e-07 
22974.478290 1.03331335e-06 
22986.487950 1.17880614e-06 
22998.497610 1.33656709e-06 
23010.507270 1.51419753e-06 
23022.516930 1.73514455e-06 
23034.526590 1.98110883e-06 
23046.536250 2.26246288e-06 
23058.545910 2.59174348e-06 
23070.555570 2.95918233e-06 
23082.565230 3.36280448e-06 
23094.574880 3.88098423e-06 
23106.584540 4.47794008e-06 
23118.594200 5.16811456e-06 
23130.603860 5.95902012e-06 
23142.613520 6.91927124e-06 
23154.623180 8.09907587e-06 
23166.632840 9.54729299e-06 
23178.642500 1.12039881e-05 
23190.652160 1.30124863e-05 
23202.661820 1.51657822e-05 
23214.671480 1.77776922e-05 
23226.681140 2.07825704e-05 
23238.690800 2.41145056e-05 
23250.700460 2.76961738e-05 
23262.710120 3.15722044e-05 
23274.719770 3.61671939e-05 
23286.729430 4.13999303e-05 
23298.739090 4.72579628e-05 
23310.748750 5.34734147e-05 
23322.758410 6.05698173e-05 
23334.768070 6.89098879e-05 
23346.777730 7.86456215e-05 
23358.787390 8.96697177e-05 
23370.797050 1.02130518e-04 
23382.806710 1.16982150e-04 
23394.816370 1.33638139e-04 
23406.826030 1.52798613e-04 
23418.835690 1.74244040e-04 
23430.845350 1.98711435e-04 
23442.855010 2.26746161e-04 
23454.864660 2.59658523e-04 
23466.874320 2.98133906e-04 
23478.883980 3.42795737e-04 
23490.893640 3.96950063e-04 
23502.903300 4.62159223e-04 
23514.912960 5.41808025e-04 
23526.922620 6.38213143e-04 
23538.932280 7.56320747e-04 
23550.941940 9.00022570e-04 
23562.951600 1.07561723e-03 
23574.961260 1.28855823e-03 
23586.970920 1.54269426e-03 
23598.980580 1.84674084e-03 
23610.990240 2.20550235e-03 
23622.999890 2.61880810e-03 
23635.009550 3.09215012e-03 
23647.019210 3.62388333e-03 
23659.028870 4.20953123e-03 
23671.038530 4.84633133e-03 
23683.048190 5.52886211e-03 
23695.057850 6.25343605e-03 
23707.067510 7.00609203e-03 
23719.077170 7.78861817e-03 
23731.086830 8.59829196e-03 
23743.096490 9.42744601e-03 
23755.106150 1.02370986e-02 
23767.115810 1.11127904e-02 
23779.125470 1.20648810e-02 
23791.135130 1.31102940e-02 
23803.144780 1.42787661e-02 
23815.154440 1.55989600e-02 
23827.164100 1.70857889e-02 
23839.173760 1.87870453e-02 
23851.183420 2.07371559e-02 
23863.193080 2.29977355e-02 
23875.202740 2.56459584e-02 
23887.212400 2.87399376e-02 
23899.222060 3.23426914e-02 
23911.231720 3.65610296e-02 
23923.241380 4.14857700e-02 
23935.251040 4.72094210e-02 
23947.260700 5.38599981e-02 
23959.270360 6.14364177e-02 
23971.280020 6.99681643e-02 
23983.289670 7.94419503e-02 
23995.299330 8.97562069e-02 
24007.308990 1.00730111e-01 
24019.318650 1.12121781e-01 
24031.328310 1.23643594e-01 
24043.337970 1.34979591e-01 
24055.347630 1.45822879e-01 
24067.357290 1.55911113e-01 
24079.366950 1.65059616e-01 
24091.376610 1.73184057e-01 
24103.386270 1.80302295e-01 
24115.395930 1.86530998e-01 
24127.405590 1.92053005e-01 
24139.415250 1.97112552e-01 
24151.424910 2.01976041e-01 
24163.434560 2.06901971e-01 
24175.444220 2.12112787e-01 
24187.453880 2.17771552e-01 
24199.463540 2.23967271e-01 
24211.473200 2.30770374e-01 
24223.482860 2.38236344e-01 
24235.492520 2.45783241e-01 
24247.502180 2.53430417e-01 
24259.511840 2.60944331e-01 
24271.521500 2.68096723e-01 
24283.531160 2.74693841e-01 
24295.540820 2.80599584e-01 
24307.550480 2.85770562e-01 
24319.560140 2.90206769e-01 
24331.569800 2.93969907e-01 
24343.579450 2.97182320e-01 
24355.589110 2.99996659e-01 
24367.598770 3.02568168e-01 
24379.608430 3.05043782e-01 
24391.618090 3.07552061e-01 
24403.627750 3.10195464e-01 
24415.637410 3.13051858e-01 
24427.647070 3.16172041e-01 
24439.656730 3.19590968e-01 
24451.666390 3.23322083e-01 
24463.676050 3.27360060e-01 
24475.685710 3.31465595e-01 
24487.695370 3.35864346e-01 
24499.705030 3.40421723e-01 
24511.714690 3.45059514e-01 
24523.724340 3.49764749e-01 
24535.734000 3.54463112e-01 
24547.743660 3.59076710e-01 
24559.753320 3.63535427e-01 
24571.762980 3.67778846e-01 
24583.772640 3.71749984e-01 
24595.782300 3.75407536e-01 
24607.791960 3.78683276e-01 
24619.801620 3.81580413e-01 
24631.811280 3.84120169e-01 
24643.820940 3.86318132e-01 
24655.830600 3.88194645e-01 
24667.840260 3.89777369e-01 
24679.849920 3.91098658e-01 
24691.859580 3.92301442e-01 
24703.869230 3.93263521e-01 
24715.878890 3.94126710e-01 
24727.888550 3.94883278e-01 
24739.898210 3.95931177e-01 
24751.907870 3.96538909e-01 
24763.917530 3.97014806e-01 
24775.927190 3.97471225e-01 
24787.936850 3.97912762e-01 
24799.946510 3.98366184e-01 
24811.956170 3.98573467e-01 
24823.965830 3.98582679e-01 
24835.975490 3.98925581e-01 
24847.985150 3.99143500e-01 
24859.994810 3.99383218e-01 
24872.004460 3.99590235e-01 
24884.014120 3.99693013e-01 
24896.023780 3.99711522e-01 
24908.033440 3.99694238e-01 
24920.043100 3.99584858e-01 
24932.052760 3.99395306e-01 
24944.062420 3.99123591e-01 
24956.072080 3.98769343e-01 
24968.081740 3.98335306e-01 
24980.091400 3.97826063e-01 
24992.101060 3.97241263e-01 
25004.110720 3.96587322e-01 
25016.120380 3.95871911e-01 
25028.130040 3.95105410e-01 
25040.139700 3.94296608e-01 
25052.149350 3.93457247e-01 
25064.159010 3.92597936e-01 
25076.168670 3.91725281e-01 
25088.178330 3.90853578e-01 
25100.187990 3.89992879e-01 
25112.197650 3.89166913e-01 
25124.207310 3.88369325e-01 
25136.216970 3.87611083e-01 
25148.226630 3.86896635e-01 
25160.236290 3.86233428e-01 
25172.245950 3.85630002e-01 
25184.255610 3.85088495e-01 
25196.265270 3.84613494e-01 
25208.274930 3.84214430e-01 
25220.284590 3.83892005e-01 
25232.294240 3.83643380e-01 
25244.303900 3.83470990e-01 
25256.313560 3.83373521e-01 
25268.323220 3.83349422e-01 
25280.332880 3.83401111e-01 
25292.342540 3.83524808e-01 
25304.352200 3.83729823e-01 
25316.361860 3.84024534e-01 
25328.371520 3.84381135e-01 
25340.381180 3.84794922e-01 
25352.390840 3.85263397e-01 
25364.400500 3.85780779e-01 
25376.410160 3.86338319e-01 
25388.419820 3.86931518e-01 
25400.429480 3.87555650e-01 
25412.439130 3.88179686e-01 
25424.448790 3.88824031e-01 
25436.458450 3.89481647e-01 
25448.468110 3.90147179e-01 
25460.477770 3.90817536e-01 
25472.487430 3.91489034e-01 
25484.497090 3.92156901e-01 
25496.506750 3.92816900e-01 
25508.516410 3.93479622e-01 
25520.526070 3.94131653e-01 
25532.535730 3.94768962e-01 
25544.545390 3.95386940e-01 
25556.555050 3.95983510e-01 
25568.564710 3.96557439e-01 
25580.574370 3.97108104e-01 
25592.584020 3.97635648e-01 
25604.593680 3.98140265e-01 
25616.603340 3.98626522e-01 
25628.613000 3.99090440e-01 
25640.622660 3.99533891e-01 
25652.632320 3.99956239e-01 
25664.641980 4.00361747e-01 
25676.651640 4.00754878e-01 
25688.661300 4.01128826e-01 
25700.670960 4.01520208e-01 
25712.680620 4.02302181e-01 
25724.690280 4.02640840e-01 
25736.699940 4.02974244e-01 
25748.709600 4.03307100e-01 
25760.719260 4.03635308e-01 
25772.728910 4.03843040e-01 
25784.738570 4.03865294e-01 
25796.748230 4.04188247e-01 
25808.757890 4.04514236e-01 
25820.767550 4.04852431e-01 
25832.777210 4.05211973e-01 
25844.786870 4.05575645e-01 
25856.796530 4.05942067e-01 
25868.806190 4.06313718e-01 
25880.815850 4.06684776e-01 
25892.825510 4.07062241e-01 
25904.835170 4.07428755e-01 
25916.844830 4.07800141e-01 
25928.854490 4.08180436e-01 
25940.864140 4.08512844e-01 
25952.873800 4.08450915e-01 
25964.883460 4.08813211e-01 
25976.893120 4.09492099e-01 
25988.902780 4.09984050e-01 
26000.912440 4.10301001e-01 
26012.922100 4.10268024e-01 
26024.931760 4.10178353e-01 
26036.941420 4.10076005e-01 
26048.951080 4.09957207e-01 
26060.960740 4.09820201e-01 
26072.970400 4.09669165e-01 
26084.980060 4.09500402e-01 
26096.989720 4.09313788e-01 
26108.999380 4.09114957e-01 
26121.009030 4.08892600e-01 
26133.018690 4.08536783e-01 
26145.028350 4.08137327e-01 
26157.038010 4.08140777e-01 
26169.047670 4.08125370e-01 
26181.057330 4.08576855e-01 
26193.066990 4.08546771e-01 
26205.076650 4.08510286e-01 
26217.086310 4.08475794e-01 
26229.095970 4.08434313e-01 
26241.105630 4.08389540e-01 
26253.115290 4.08344886e-01 
26265.124950 4.08297860e-01 
26277.134610 4.08247899e-01 
26289.144270 4.08206156e-01 
26301.153920 4.08166150e-01 
26313.163580 4.08127748e-01 
26325.173240 4.08101715e-01 
26337.182900 4.08079134e-01 
26349.192560 4.08497462e-01 
26361.202220 4.08541016e-01 
26373.211880 4.08553546e-01 
26385.221540 4.08577236e-01 
26397.231200 4.08617865e-01 
26409.240860 4.08670235e-01 
26421.250520 4.08734186e-01 
26433.260180 4.08813476e-01 
26445.269840 4.08906288e-01 
26457.279500 4.09010812e-01 
26469.289160 4.09127272e-01 
26481.298810 4.09252406e-01 
26493.308470 4.09385735e-01 
26505.318130 4.09267392e-01 
26517.327790 4.09134862e-01 
26529.337450 4.09637862e-01 
26541.347110 4.09732129e-01 
26553.356770 4.09792034e-01 
26565.366430 4.09849353e-01 
26577.376090 4.09906469e-01 
26589.385750 4.09961362e-01 
26601.395410 4.09945585e-01 
26613.405070 4.09431846e-01 
26625.414730 4.09128494e-01 
26637.424390 4.09127172e-01 
26649.434050 4.09124282e-01 
26661.443700 4.09100457e-01 
26673.453360 4.09075898e-01 
26685.463020 4.09307764e-01 
26697.472680 4.09488437e-01 
26709.482340 4.09482411e-01 
26721.492000 4.09000621e-01 
26733.501660 4.09000974e-01 
26745.511320 4.09000632e-01 
26757.520980 4.09011467e-01 
26769.530640 4.09021414e-01 
26781.540300 4.09020526e-01 
26793.549960 4.09019172e-01 
26805.559620 4.09012010e-01 
26817.569280 4.09000351e-01 
26829.578940 4.08521668e-01 
26841.588590 4.08467322e-01 
26853.598250 4.08427452e-01 
26865.607910 4.08638505e-01 
26877.617570 4.08790043e-01 
26889.627230 4.08738379e-01 
26901.636890 4.08680424e-01 
26913.646550 4.08590759e-01 
26925.656210 4.08237969e-01 
26937.665870 4.07955417e-01 
26949.675530 4.07889568e-01 
26961.685190 4.07834805e-01 
26973.694850 4.07791070e-01 
26985.704510 4.07760155e-01 
26997.714170 4.08075918e-01 
27009.723830 4.08276787e-01 
27021.733480 4.08331658e-01 
27033.743140 4.08257776e-01 
27045.752800 4.08696427e-01 
27057.762460 4.08847106e-01 
27069.772120 4.08997310e-01 
27081.781780 4.09148010e-01 
27093.791440 4.09300408e-01 
27105.801100 4.09446074e-01 
27117.810760 4.09587792e-01 
27129.820420 4.09720998e-01 
27141.830080 4.09368067e-01 
27153.839740 4.09482973e-01 
27165.849400 4.09584324e-01 
27177.859060 4.09679636e-01 
27189.868710 4.09763232e-01 
27201.878370 4.09824378e-01 
27213.888030 4.10025827e-01 
27225.897690 4.10322795e-01 
27237.907350 4.09947785e-01 
27249.917010 4.09839225e-01 
27261.926670 4.09827473e-01 
27273.936330 4.09800846e-01 
27285.945990 4.09761744e-01 
27297.955650 4.09721023e-01 
27309.965310 4.09679544e-01 
27321.974970 4.09635179e-01 
27333.984630 4.09394317e-01 
27345.994290 4.09049932e-01 
27358.003950 4.08987997e-01 
27370.013600 4.08924452e-01 
27382.023260 4.08864656e-01 
27394.032920 4.08807788e-01 
27406.042580 4.09035115e-01 
27418.052240 4.09162310e-01 
27430.061900 4.09114707e-01 
27442.071560 4.08982230e-01 
27454.081220 4.08581594e-01 
27466.090880 4.08573548e-01 
27478.100540 4.08574891e-01 
27490.110200 4.08593248e-01 
27502.119860 4.08561787e-01 
27514.129520 4.08238435e-01 
27526.139180 4.07644016e-01 
27538.148840 4.07177261e-01 
27550.158490 4.06913613e-01 
27562.168150 4.06564709e-01 
27574.177810 4.05969271e-01 
27586.187470 4.05763261e-01 
27598.197130 4.05955657e-01 
27610.206790 4.05895710e-01 
27622.216450 4.05381432e-01 
27634.226110 4.05617141e-01 
27646.235770 4.05815993e-01 
27658.245430 4.06039247e-01 
27670.255090 4.05804485e-01 
27682.264750 4.06070813e-01 
27694.274410 4.06355164e-01 
27706.284070 4.06331241e-01 
27718.293730 4.06427517e-01 
27730.303380 4.06714696e-01 
27742.313040 4.07016444e-01 
27754.322700 4.07118249e-01 
27766.332360 4.07163904e-01 
27778.342020 4.07485584e-01 
27790.351680 4.08273505e-01 
27802.361340 4.08491661e-01 
27814.371000 4.08460834e-01 
27826.380660 4.08794711e-01 
27838.390320 4.09121933e-01 
27850.399980 4.09427110e-01 
27862.409640 4.09278579e-01 
27874.419300 4.09583906e-01 
27886.428960 4.09879049e-01 
27898.438620 4.10160470e-01 
27910.448270 4.09974393e-01 
27922.457930 4.10261805e-01 
27934.467590 4.10534426e-01 
27946.477250 4.10472555e-01 
27958.486910 4.10539629e-01 
27970.496570 4.10759919e-01 
27982.506230 4.11078440e-01 
27994.515890 4.11391774e-01 
28006.525550 4.11257360e-01 
28018.535210 4.11346237e-01 
28030.544870 4.11416422e-01 
28042.554530 4.11347391e-01 
28054.564190 4.11023128e-01 
28066.573850 4.11049734e-01 
28078.583510 4.11062567e-01 
28090.593160 4.11034796e-01 
28102.602820 4.10565138e-01 
28114.612480 4.10551880e-01 
28126.622140 4.10531458e-01 
28138.631800 4.10502318e-01 
28150.641460 4.09979593e-01 
28162.651120 4.09936556e-01 
28174.660780 4.09892074e-01 
28186.670440 4.10153498e-01 
28198.680100 4.09838400e-01 
28210.689760 4.09679771e-01 
28222.699420 4.09581592e-01 
28234.709080 4.09486405e-01 
28246.718740 4.09395463e-01 
28258.728390 4.09308797e-01 
28270.738050 4.09224617e-01 
28282.747710 4.09146857e-01 
28294.757370 4.09074160e-01 
28306.767030 4.08986244e-01 
28318.776690 4.08884816e-01 
28330.786350 4.08791825e-01 
28342.796010 4.08704702e-01 
28354.805670 4.08628305e-01 
28366.815330 4.08229589e-01 
28378.824990 4.08016400e-01 
28390.834650 4.07967632e-01 
28402.844310 4.08060746e-01 
28414.853970 4.08363951e-01 
28426.863630 4.08345865e-01 
28438.873280 4.08338543e-01 
28450.882940 4.08338104e-01 
28462.892600 4.08349538e-01 
28474.902260 4.08370728e-01 
28486.911920 4.08401837e-01 
28498.921580 4.08438681e-01 
28510.931240 4.08246125e-01 
28522.940900 4.08037800e-01 
28534.950560 4.07838218e-01 
28546.960220 4.07645707e-01 
28558.969880 4.07459978e-01 
28570.979540 4.07280499e-01 
28582.989200 4.07108037e-01 
28594.998860 4.06942187e-01 
28607.008520 4.06504939e-01 
28619.018170 4.06313155e-01 
28631.027830 4.06270668e-01 
28643.037490 4.06374634e-01 
28655.047150 4.06662324e-01 
28667.056810 4.06634218e-01 
28679.066470 4.06607085e-01 
28691.076130 4.06583921e-01 
28703.085790 4.06574232e-01 
28715.095450 4.06603475e-01 
28727.105110 4.06631841e-01 
28739.114770 4.06659486e-01 
28751.124430 4.06684096e-01 
28763.134090 4.06707102e-01 
28775.143750 4.06725730e-01 
28787.153410 4.06738893e-01 
28799.163060 4.06744692e-01 
28811.172720 4.06738014e-01 
28823.182380 4.06721918e-01 
28835.192040 4.06694512e-01 
28847.201700 4.06655748e-01 
28859.211360 4.06156570e-01 
28871.221020 4.06052027e-01 
28883.230680 4.05967869e-01 
28895.240340 4.05866933e-01 
28907.250000 4.05813181e-01 
28919.259660 4.05785109e-01 
28931.269320 4.06193893e-01 
28943.278980 4.06122998e-01 
28955.288640 4.06027854e-01 
28967.298300 4.05909756e-01 
28979.307950 4.05767757e-01 
28991.317610 4.05602218e-01 
29003.327270 4.05384234e-01 
29015.336930 4.05071295e-01 
29027.346590 4.04731715e-01 
29039.356250 4.04368371e-01 
29051.365910 4.03979638e-01 
29063.375570 4.03566681e-01 
29075.385230 4.03129771e-01 
29087.394890 4.02670558e-01 
29099.404550 4.02189256e-01 
29111.414210 4.01259854e-01 
29123.423870 4.00794896e-01 
29135.433530 4.00312804e-01 
29147.443190 3.99814846e-01 
29159.452840 3.99304250e-01 
29171.462500 3.98781861e-01 
29183.472160 3.98251213e-01 
29195.481820 3.97715617e-01 
29207.491480 3.97082456e-01 
29219.501140 3.96391836e-01 
29231.510800 3.95701483e-01 
29243.520460 3.95014223e-01 
29255.530120 3.94333093e-01 
29267.539780 3.93995107e-01 
29279.549440 3.93441448e-01 
29291.559100 3.92790604e-01 
29303.568760 3.92123675e-01 
29315.578420 3.91400835e-01 
29327.588080 3.90695663e-01 
29339.597730 3.90010231e-01 
29351.607390 3.89345963e-01 
29363.617050 3.88703847e-01 
29375.626710 3.87823785e-01 
29387.636370 3.87025477e-01 
29399.646030 3.86454233e-01 
29411.655690 3.85968211e-01 
29423.665350 3.85508830e-01 
29435.675010 3.85335788e-01 
29447.684670 3.85125167e-01 
29459.694330 3.84738691e-01 
29471.703990 3.84376188e-01 
29483.713650 3.84036321e-01 
29495.723310 3.83717281e-01 
29507.732960 3.83634980e-01 
29519.742620 3.83302333e-01 
29531.752280 3.82896795e-01 
29543.761940 3.82505442e-01 
29555.771600 3.82126872e-01 
29567.781260 3.81760153e-01 
29579.790920 3.81402795e-01 
29591.800580 3.81053996e-01 
29603.810240 3.80709752e-01 
29615.819900 3.80367561e-01 
29627.829560 3.80027663e-01 
29639.839220 3.79689148e-01 
29651.848880 3.79351573e-01 
29663.858540 3.79010916e-01 
29675.868200 3.78665731e-01 
29687.877850 3.78315928e-01 
29699.887510 3.77961251e-01 
29711.897170 3.77633348e-01 
29723.906830 3.77298977e-01 
29735.916490 3.76956611e-01 
29747.926150 3.76607483e-01 
29759.935810 3.77119927e-01 
29771.945470 3.76763366e-01 
29783.955130 3.76393679e-01 
29795.964790 3.76018093e-01 
29807.974450 3.75510808e-01 
29819.984110 3.74935692e-01 
29831.993770 3.74356875e-01 
29844.003430 3.73775128e-01 
29856.013090 3.73190024e-01 
29868.022740 3.72605388e-01 
29880.032400 3.72021911e-01 
29892.042060 3.71823539e-01 
29904.051720 3.71292832e-01 
29916.061380 3.70868033e-01 
29928.071040 3.70447486e-01 
29940.080700 3.70034427e-01 
29952.090360 3.69628076e-01 
29964.100020 3.69229597e-01 
29976.109680 3.68839288e-01 
29988.119340 3.68460311e-01 
30000.129000 3.68089053e-01 
30012.138660 3.67566335e-01 
30024.148320 3.67272111e-01 
30036.157980 3.66688634e-01 
30048.167630 3.66114852e-01 
30060.177290 3.65559183e-01 
30072.186950 3.65432857e-01 
30084.196610 3.64884950e-01 
30096.206270 3.64344280e-01 
30108.215930 3.63979230e-01 
30120.225590 3.63698347e-01 
30132.235250 3.63419261e-01 
30144.244910 3.63143064e-01 
30156.254570 3.62865549e-01 
30168.264230 3.62587343e-01 
30180.273890 3.62304303e-01 
30192.283550 3.62016636e-01 
30204.293210 3.61664895e-01 
30216.302870 3.61203001e-01 
30228.312520 3.60727805e-01 
30240.322180 3.60239988e-01 
30252.331840 3.59735358e-01 
30264.341500 3.59215247e-01 
30276.351160 3.58676678e-01 
30288.360820 3.58118664e-01 
30300.370480 3.57550112e-01 
30312.380140 3.57270670e-01 
30324.389800 3.56972048e-01 
30336.399460 3.56652691e-01 
30348.409120 3.56313044e-01 
30360.418780 3.55968278e-01 
30372.428440 3.55992284e-01 
30384.438100 3.55587998e-01 
30396.447760 3.55165705e-01 
30408.457410 3.54877987e-01 
30420.467070 3.54638506e-01 
30432.476730 3.54380760e-01 
30444.486390 3.54109988e-01 
30456.496050 3.53826841e-01 
30468.505710 3.53534859e-01 
30480.515370 3.53253276e-01 
30492.525030 3.53293713e-01 
30504.534690 3.52938670e-01 
30516.544350 3.52507040e-01 
30528.554010 3.52078537e-01 
30540.563670 3.51653282e-01 
30552.573330 3.51235731e-01 
30564.582990 3.50824223e-01 
30576.592640 3.50424357e-01 
30588.602300 3.50035223e-01 
30600.611960 3.49680967e-01 
30612.621620 3.49697991e-01 
30624.631280 3.49732418e-01 
30636.640940 3.49783862e-01 
30648.650600 3.49854057e-01 
30660.660260 3.50360861e-01 
30672.669920 3.50468907e-01 
30684.679580 3.50779674e-01 
30696.689240 3.51130687e-01 
30708.698900 3.51131816e-01 
30720.708560 3.51085125e-01 
30732.718220 3.51051059e-01 
30744.727880 3.51021352e-01 
30756.737530 3.50995417e-01 
30768.747190 3.50966991e-01 
30780.756850 3.50933310e-01 
30792.766510 3.50887377e-01 
30804.776170 3.50949478e-01 
30816.785830 3.51178224e-01 
30828.795490 3.51368257e-01 
30840.805150 3.51514224e-01 
30852.814810 3.51602042e-01 
30864.824470 3.51622375e-01 
30876.834130 3.51559020e-01 
30888.843790 3.51401245e-01 
30900.853450 3.51134282e-01 
30912.863110 3.50830566e-01 
30924.872770 3.50380901e-01 
30936.882420 3.50050559e-01 
30948.892080 3.49375389e-01 
30960.901740 3.48362377e-01 
30972.911400 3.47121903e-01 
30984.921060 3.45623132e-01 
30996.930720 3.43852690e-01 
31008.940380 3.41666006e-01 
31020.950040 3.39117847e-01 
31032.959700 3.36229976e-01 
31044.969360 3.32987213e-01 
31056.979020 3.29367925e-01 
31068.988680 3.25352458e-01 
31080.998340 3.20938743e-01 
31093.008000 3.16117042e-01 
31105.017660 3.10915259e-01 
31117.027310 3.05350884e-01 
31129.036970 2.99375579e-01 
31141.046630 2.92990619e-01 
31153.056290 2.86210527e-01 
31165.065950 2.79060117e-01 
31177.075610 2.71561651e-01 
31189.085270 2.63734427e-01 
31201.094930 2.55668853e-01 
31213.104590 2.47747255e-01 
31225.114250 2.39323546e-01 
31237.123910 2.30710609e-01 
31249.133570 2.21954375e-01 
31261.143230 2.13098071e-01 
31273.152890 2.04179993e-01 
31285.162550 1.95248819e-01 
31297.172200 1.86350002e-01 
31309.181860 1.77476086e-01 
31321.191520 1.68702455e-01 
31333.201180 1.60082598e-01 
31345.210840 1.51651030e-01 
31357.220500 1.43435124e-01 
31369.230160 1.35462290e-01 
31381.239820 1.27757794e-01 
31393.249480 1.20336679e-01 
31405.259140 1.13230769e-01 
31417.268800 1.06452159e-01 
31429.278460 9.99874956e-02 
31441.288120 9.38378619e-02 
31453.297780 8.80046102e-02 
31465.307440 8.24875398e-02 
31477.317090 7.73470089e-02 
31489.326750 7.24619079e-02 
31501.336410 6.78451809e-02 
31513.346070 6.35132482e-02 
31525.355730 5.94546250e-02 
31537.365390 5.56585611e-02 
31549.375050 5.21119907e-02 
31561.384710 4.88004769e-02 
31573.394370 4.57126413e-02 
31585.404030 4.28343085e-02 
31597.413690 4.01553891e-02 
31609.423350 3.76574216e-02 
31621.433010 3.53330415e-02 
31633.442670 3.31707453e-02 
31645.452330 3.11593283e-02 
31657.461980 2.92904186e-02 
31669.471640 2.75517153e-02 
31681.481300 2.59354805e-02 
31693.490960 2.44308460e-02 
31705.500620 2.30375703e-02 
31717.510280 2.17474567e-02 
31729.519940 2.05690454e-02 
31741.529600 1.94499244e-02 
31753.539260 1.84041377e-02 
31765.548920 1.74302203e-02 
31777.558580 1.65211525e-02 
31789.568240 1.56728362e-02 
31801.577900 1.48792269e-02 
31813.587560 1.41332609e-02 
31825.597210 1.34361662e-02 
31837.606870 1.27825712e-02 
31849.616530 1.21714183e-02 
31861.626190 1.15975428e-02 
31873.635850 1.10593905e-02 
31885.645510 1.05541024e-02 
31897.655170 1.00788650e-02 
31909.664830 9.63312401e-03 
31921.674490 9.21275560e-03 
31933.684150 8.81787973e-03 
31945.693810 8.44504906e-03 
31957.703470 8.09352098e-03 
31969.713130 7.76151118e-03 
31981.722790 7.45561842e-03 
31993.732450 7.15793153e-03 
32005.742100 6.87340614e-03 
32017.751760 6.60320361e-03 
32029.761420 6.34568997e-03 
32041.771080 6.10028248e-03 
32053.780740 5.86666747e-03 
32065.790400 5.64274876e-03 
32077.800060 5.42981818e-03 
32089.809720 5.22559280e-03 
32101.819380 5.03098619e-03 
32113.829040 4.84404306e-03 
32125.838700 4.66098354e-03 
32137.848360 4.48705426e-03 
32149.858020 4.32091275e-03 
32161.867680 4.16163768e-03 
32173.877340 4.00703532e-03 
32185.886990 3.85744797e-03 
32197.896650 3.71319200e-03 
32209.906310 3.57407651e-03 
32221.915970 3.44467126e-03 
32233.925630 3.31403428e-03 
32245.935290 3.18781612e-03 
32257.944950 3.06529859e-03 
32269.954610 2.94631420e-03 
32281.964270 2.83140532e-03 
32293.973930 2.71871629e-03 
32305.983590 2.60947329e-03 
32317.993250 2.50209425e-03 
32330.002910 2.39783570e-03 
32342.012570 2.29691069e-03 
32354.022230 2.19817291e-03 
32366.031880 2.10327030e-03 
32378.041540 2.01067151e-03 
32390.051200 1.92123827e-03 
32402.060860 1.83426978e-03 
32414.070520 1.74960337e-03 
32426.080180 1.66846615e-03 
32438.089840 1.58911308e-03 
32450.099500 1.51517418e-03 
32462.109160 1.44202663e-03 
32474.118820 1.37152691e-03 
32486.128480 1.30412676e-03 
32498.138140 1.23847447e-03 
32510.147800 1.17625660e-03 
32522.157460 1.11591473e-03 
32534.167120 1.05828152e-03 
32546.176770 1.00326317e-03 
32558.186430 9.49730912e-04 
32570.196090 8.99261254e-04 
32582.205750 8.50508936e-04 
32594.215410 8.04159815e-04 
32606.225070 7.59940873e-04 
32618.234730 7.17537689e-04 
32630.244390 6.77918903e-04 
32642.254050 6.39205920e-04 
32654.263710 6.02448220e-04 
32666.273370 5.67428741e-04 
32678.283030 5.34311019e-04 
32690.292690 5.03219049e-04 
32702.302350 4.73140773e-04 
32714.312010 4.44907010e-04 
32726.321660 4.17961906e-04 
32738.331320 3.92328377e-04 
32750.340980 3.68931493e-04 
32762.350640 3.46296139e-04 
32774.360300 3.25751914e-04 
32786.369960 3.06399519e-04 
32798.379620 2.87630167e-04 
32810.389280 2.70638304e-04 
32822.398940 2.54146944e-04 
32834.408600 2.39071249e-04 
32846.418260 2.24588343e-04 
32858.427920 2.11024383e-04 
32870.437580 1.99035988e-04 
32882.447240 1.87150731e-04 
32894.456890 1.76734511e-04 
32906.466550 1.66776261e-04 
32918.476210 1.57379477e-04 
32930.485870 1.49119223e-04 
32942.495530 1.40858923e-04 
32954.505190 1.33474522e-04 
32966.514850 1.26157855e-04 
32978.524510 1.19207240e-04 
32990.534170 1.13106634e-04 
33002.543830 1.06788148e-04 
33014.553490 1.01077864e-04 
33026.563150 9.56219105e-05 
33038.572810 9.04779333e-05 
33050.582470 8.62157968e-05 
33062.592130 8.18339607e-05 
33074.601780 7.80474499e-05 
33086.611440 7.44768432e-05 
33098.621100 7.10888767e-05 
33110.630760 6.83528857e-05 
33122.640420 6.55574607e-05 
33134.650080 6.32103960e-05 
33146.659740 6.10021592e-05 
33158.669400 5.87962818e-05 
33170.679060 5.73386141e-05 
33182.688720 5.55645941e-05 
33194.698380 5.39491177e-05 
33206.708040 5.23557413e-05 
33218.717700 5.08102645e-05 
33230.727360 5.00368767e-05 
33242.737020 4.88869133e-05 
33254.746670 4.74908095e-05 
33266.756330 4.62671151e-05 
33278.765990 4.52097662e-05 
33290.775650 4.46053664e-05 
33302.785310 4.39062427e-05 
33314.794970 4.26963429e-05 
33326.804630 4.15565288e-05 
33338.814290 4.01354516e-05 
33350.823950 3.90543855e-05 
33362.833610 3.76332153e-05 
33374.843270 3.61334427e-05 
33386.852930 3.48898674e-05 
33398.862590 3.36347695e-05 
33410.872250 3.29299711e-05 
33422.881910 3.22095865e-05 
33434.891560 3.11834806e-05 
33446.901220 3.04754980e-05 
33458.910880 2.97882697e-05 
33470.920540 2.90416187e-05 
33482.930200 2.82822178e-05 
33494.939860 2.73608441e-05 
33506.949520 2.66384082e-05 
33518.959180 2.58907069e-05 
33530.968840 2.53035647e-05 
33542.978500 2.48523845e-05 
33554.988160 2.42437347e-05 
33566.997820 2.37119126e-05 
33579.007480 2.31615917e-05 
33591.017140 2.24942480e-05 
33603.026800 2.20173372e-05 
33615.036450 2.16515257e-05 
33627.046110 2.14217056e-05 
33639.055770 2.13137020e-05 
33651.065430 2.11540223e-05 
33663.075090 2.12130477e-05 
33675.084750 2.14699055e-05 
33687.094410 2.16949202e-05 
33699.104070 2.18625638e-05 
33711.113730 2.18806433e-05 
33723.123390 2.19127611e-05 
33735.133050 2.20381335e-05 
33747.142710 2.22124918e-05 
33759.152370 2.24461387e-05 
33771.162030 2.26406806e-05 
33783.171690 2.28457539e-05 
33795.181340 2.34170729e-05 
33807.191000 2.40394166e-05 
33819.200660 2.45364883e-05 
33831.210320 2.48801474e-05 
33843.219980 2.49527868e-05 
33855.229640 2.50992503e-05 
33867.239300 2.53015211e-05 
33879.248960 2.55579052e-05 
33891.258620 2.57251803e-05 
33903.268280 2.55897891e-05 
33915.277940 2.54653218e-05 
33927.287600 2.58817518e-05 
33939.297260 2.64481648e-05 
33951.306920 2.70021448e-05 
33963.316580 2.75392530e-05 
33975.326230 2.82449097e-05 
33987.335890 2.90908041e-05 
33999.345550 3.01517853e-05 
34011.355210 3.12807187e-05 
34023.364870 3.20062032e-05 
34035.374530 3.26021224e-05 
34047.384190 3.32106919e-05 
34059.393850 3.37419334e-05 
34071.403510 3.40837546e-05 
34083.413170 3.46187943e-05 
34095.422830 3.54682792e-05 
34107.432490 3.62833310e-05 
34119.442150 3.75288508e-05 
34131.451810 3.90646966e-05 
34143.461460 4.02489463e-05 
34155.471120 4.11609999e-05 
34167.480780 4.20953031e-05 
34179.490440 4.28154631e-05 
34191.500100 4.36311191e-05 
34203.509760 4.43985957e-05 
34215.519420 4.46870809e-05 
34227.529080 4.48849254e-05 
34239.538740 4.54345101e-05 
34251.548400 4.65566749e-05 
34263.558060 4.74320837e-05 
34275.567720 4.76298912e-05 
34287.577380 4.75560354e-05 
34299.587040 4.74409080e-05 
34311.596700 4.78910426e-05 
34323.606350 4.87423269e-05 
34335.616010 4.89729720e-05 
34347.625670 4.88478521e-05 
34359.635330 4.91315601e-05 
34371.644990 4.94638688e-05 
34383.654650 4.99097542e-05 
34395.664310 5.04379926e-05 
34407.673970 5.02991945e-05 
34419.683630 5.02345667e-05 
34431.693290 5.05632714e-05 
34443.702950 5.10915888e-05 
34455.712610 5.14581446e-05 
34467.722270 5.16024179e-05 
34479.731930 5.21272307e-05 
34491.741590 5.28110359e-05 
34503.751240 5.29763665e-05 
34515.760900 5.32042389e-05 
34527.770560 5.28100784e-05 
34539.780220 5.19789702e-05 
34551.789880 5.17346649e-05 
34563.799540 5.14169542e-05 
34575.809200 5.06572122e-05 
34587.818860 5.01160909e-05 
34599.828520 4.95754204e-05 
34611.838180 4.91811053e-05 
34623.847840 4.95026201e-05 
34635.857500 4.96728906e-05 
34647.867160 5.01261052e-05 
34659.876820 5.08569752e-05 
34671.886480 5.11615799e-05 
34683.896130 5.14405749e-05 
34695.905790 5.15121109e-05 
34707.915450 5.12760958e-05 
34719.925110 5.11119786e-05 
34731.934770 5.07442805e-05 
34743.944430 4.99721661e-05 
34755.954090 4.90393831e-05 
34767.963750 4.78631525e-05 
34779.973410 4.69361640e-05 
34791.983070 4.62973732e-05 
34803.992730 4.54465056e-05 
34816.002390 4.49712909e-05 
34828.012050 4.45107777e-05 
34840.021710 4.41008305e-05 
34852.031370 4.43583520e-05 
34864.041020 4.41102177e-05 
34876.050680 4.34781647e-05 
34888.060340 4.31567509e-05 
34900.070000 4.22703885e-05 
34912.079660 4.16361844e-05 
34924.089320 4.15860075e-05 
34936.098980 4.08178117e-05 
34948.108640 4.03700757e-05 
34960.118300 4.07412349e-05 
34972.127960 4.08272544e-05 
34984.137620 4.13763914e-05 
34996.147280 4.18966878e-05 
35008.156940 4.12134689e-05 
35020.166600 4.08395325e-05 
35032.176260 4.07051889e-05 
35044.185910 3.99438147e-05 
35056.195570 3.97824867e-05 
35068.205230 3.95811068e-05 
35080.214890 3.93170728e-05 
35092.224550 4.03292897e-05 
35104.234210 4.12546792e-05 
35116.243870 4.15960357e-05 
35128.253530 4.20936366e-05 
35140.263190 4.18957685e-05 
35152.272850 4.15526496e-05 
35164.282510 4.16000486e-05 
35176.292170 4.06334356e-05 
35188.301830 3.91249626e-05 
35200.311490 3.82814592e-05 
35212.321140 3.73493742e-05 
35224.330800 3.69712675e-05 
35236.340460 3.69706583e-05 
35248.350120 3.66563258e-05 
35260.359780 3.68953934e-05 
35272.369440 3.71917263e-05 
35284.379100 3.70206743e-05 
35296.388760 3.71873485e-05 
35308.398420 3.70585814e-05 
35320.408080 3.63130044e-05 
35332.417740 3.61696051e-05 
35344.427400 3.57044689e-05 
35356.437060 3.48282302e-05 
35368.446720 3.46006172e-05 
35380.456380 3.43244126e-05 
35392.466030 3.44579464e-05 
35404.475690 3.56364285e-05 
35416.485350 3.62333937e-05 
35428.495010 3.66651952e-05 
35440.504670 3.76781124e-05 
35452.514330 3.81543333e-05 
35464.523990 3.89194509e-05 
35476.533650 4.00974432e-05 
35488.543310 3.99027742e-05 
35500.552970 3.94666131e-05 
35512.562630 3.95290981e-05 
35524.572290 3.88252875e-05 
35536.581950 3.83150797e-05 
35548.591610 3.81619978e-05 
35560.601270 3.74362671e-05 
35572.610920 3.75948679e-05 
35584.620580 3.79348717e-05 
35596.630240 3.72541092e-05 
35608.639900 3.73729099e-05 
35620.649560 3.79085255e-05 
35632.659220 3.80896746e-05 
35644.668880 3.89532368e-05 
35656.678540 3.91932678e-05 
35668.688200 3.83361206e-05 
35680.697860 3.83629831e-05 
35692.707520 3.85720689e-05 
35704.717180 3.83477995e-05 
35716.726840 3.88378039e-05 
35728.736500 3.87336166e-05 
35740.746160 3.81299188e-05 
35752.755810 3.85196548e-05 
35764.765470 3.85635314e-05 
35776.775130 3.82523397e-05 
35788.784790 3.85905182e-05 
35800.794450 3.82520118e-05 
35812.804110 3.75550354e-05 
35824.813770 3.75291920e-05 
35836.823430 3.67374400e-05 
35848.833090 3.56850631e-05 
35860.842750 3.55091391e-05 
35872.852410 3.50558843e-05 
35884.862070 3.45441721e-05 
35896.871730 3.50117524e-05 
35908.881390 3.49539312e-05 
35920.891050 3.46080177e-05 
35932.900700 3.52652090e-05 
35944.910360 3.54834006e-05 
35956.920020 3.54787792e-05 
35968.929680 3.63697822e-05 
35980.939340 3.64643603e-05 
35992.949000 3.61314344e-05 
36004.958660 3.69802847e-05 
36016.968320 3.73995504e-05 
36028.977980 3.75511848e-05 
36040.987640 3.83520517e-05 
36052.997300 3.83817293e-05 
36065.006960 3.81401779e-05 
36077.016620 3.89504825e-05 
36089.026280 3.90878564e-05 
36101.035940 3.84225354e-05 
36113.045590 3.83918377e-05 
36125.055250 3.80260151e-05 
36137.064910 3.78373053e-05 
36149.074570 3.88091611e-05 
36161.084230 3.92231358e-05 
36173.093890 3.92786911e-05 
36185.103550 4.03184304e-05 
36197.113210 4.10954968e-05 
36209.122870 4.16616178e-05 
36221.132530 4.29197541e-05 
36233.142190 4.32942165e-05 
36245.151850 4.31814539e-05 
36257.161510 4.41711482e-05 
36269.171170 4.46371346e-05 
36281.180820 4.47932649e-05 
36293.190480 4.59307774e-05 
36305.200140 4.66982525e-05 
36317.209800 4.67919853e-05 
36329.219460 4.76160180e-05 
36341.229120 4.80088631e-05 
36353.238780 4.74821163e-05 
36365.248440 4.80093998e-05 
36377.258100 4.84367735e-05 
36389.267760 4.81307528e-05 
36401.277420 4.88913491e-05 
36413.287080 4.98319632e-05 
36425.296740 5.01927013e-05 
36437.306400 5.15842461e-05 
36449.316060 5.29514440e-05 
36461.325710 5.34763498e-05 
36473.335370 5.49502985e-05 
36485.345030 5.64581453e-05 
36497.354690 5.69009005e-05 
36509.364350 5.76552632e-05 
36521.374010 5.87341781e-05 
36533.383670 5.88818075e-05 
36545.393330 5.94309963e-05 
36557.402990 6.05804018e-05 
36569.412650 6.03705288e-05 
36581.422310 6.02155715e-05 
36593.431970 6.08000999e-05 
36605.441630 6.05528851e-05 
36617.451290 6.06610612e-05 
36629.460950 6.15606595e-05 
36641.470600 6.12228717e-05 
36653.480260 6.05100833e-05 
36665.489920 6.03202922e-05 
36677.499580 5.96171399e-05 
36689.509240 5.86794240e-05 
36701.518900 5.85673305e-05 
36713.528560 5.79561884e-05 
36725.538220 5.68439355e-05 
36737.547880 5.71327964e-05 
36749.557540 5.72559933e-05 
36761.567200 5.65807006e-05 
36773.576860 5.67611495e-05 
36785.586520 5.67256704e-05 
36797.596180 5.61224773e-05 
36809.605840 5.61261566e-05 
36821.615490 5.57893447e-05 
36833.625150 5.46105123e-05 
36845.634810 5.39698863e-05 
36857.644470 5.38447799e-05 
36869.654130 5.26933248e-05 
36881.663790 5.16095618e-05 
36893.673450 5.11095158e-05 
36905.683110 4.98322576e-05 
36917.692770 4.92480389e-05 
36929.702430 4.95612438e-05 
36941.712090 4.89845868e-05 
36953.721750 4.85791820e-05 
36965.731410 4.91051283e-05 
36977.741070 4.93749461e-05 
36989.750730 4.93470990e-05 
37001.760380 5.00649675e-05 
37013.770040 5.03479343e-05 
37025.779700 4.96706999e-05 
37037.789360 4.99700022e-05 
37049.799020 4.97542786e-05 
37061.808680 4.84273435e-05 
37073.818340 4.82158027e-05 
37085.828000 4.81940637e-05 
37097.837660 4.72727825e-05 
37109.847320 4.64192673e-05 
37121.856980 4.59793910e-05 
37133.866640 4.49591496e-05 
37145.876300 4.43922989e-05 
37157.885960 4.51636478e-05 
37169.895620 4.46815813e-05 
37181.905270 4.39531409e-05 
37193.914930 4.43187778e-05 
37205.924590 4.39840526e-05 
37217.934250 4.31845122e-05 
37229.943910 4.29438948e-05 
37241.953570 4.28087850e-05 
37253.963230 4.19402230e-05 
37265.972890 4.17450067e-05 
37277.982550 4.17751547e-05 
37289.992210 4.05052635e-05 
37302.001870 4.01823317e-05 
37314.011530 4.04448018e-05 
37326.021190 3.98633195e-05 
37338.030850 3.91981732e-05 
37350.040510 3.89998140e-05 
37362.050160 3.85003064e-05 
37374.059820 3.76969743e-05 
37386.069480 3.82875926e-05 
37398.079140 3.86706459e-05 
37410.088800 3.83318333e-05 
37422.098460 3.87381862e-05 
37434.108120 3.88798109e-05 
37446.117780 3.86447866e-05 
37458.127440 3.90149382e-05 
37470.137100 3.97701996e-05 
37482.146760 3.92406706e-05 
37494.156420 3.82630582e-05 
37506.166080 3.82792575e-05 
37518.175740 3.75170355e-05 
37530.185390 3.70011976e-05 
37542.195050 3.70594985e-05 
37554.204710 3.64421196e-05 
37566.214370 3.53024608e-05 
37578.224030 3.50009731e-05 
37590.233690 3.52290487e-05 
37602.243350 3.45013195e-05 
37614.253010 3.45426793e-05 
37626.262670 3.47760777e-05 
37638.272330 3.38514930e-05 
37650.281990 3.31313072e-05 
37662.291650 3.30674022e-05 
37674.301310 3.29356901e-05 
37686.310970 3.25803226e-05 
37698.320630 3.32384468e-05 
37710.330280 3.34059915e-05 
37722.339940 3.27333526e-05 
37734.349600 3.32423551e-05 
37746.359260 3.40908591e-05 
37758.368920 3.43858743e-05 
37770.378580 3.45293535e-05 
37782.388240 3.49484045e-05 
37794.397900 3.44488248e-05 
37806.407560 3.40244996e-05 
37818.417220 3.46254414e-05 
37830.426880 3.43636668e-05 
37842.436540 3.35043440e-05 
37854.446200 3.29521476e-05 
37866.455860 3.24710174e-05 
37878.465520 3.12845635e-05 
37890.475170 3.09327262e-05 
37902.484830 3.13654933e-05 
37914.494490 3.08651037e-05 
37926.504150 3.07603272e-05 
37938.513810 3.12191309e-05 
37950.523470 3.14210313e-05 
37962.533130 3.11941216e-05 
37974.542790 3.21043394e-05 
37986.552450 3.28938744e-05 
37998.562110 3.23189490e-05 
38010.571770 3.24200001e-05 
38022.581430 3.29422392e-05 
38034.591090 3.32606746e-05 
38046.600750 3.34928083e-05 
38058.610410 3.42714875e-05 
38070.620060 3.36631165e-05 
38082.629720 3.21404327e-05 
38094.639380 3.17919299e-05 
38106.649040 3.17272402e-05 
38118.658700 3.13367071e-05 
38130.668360 3.11598194e-05 
38142.678020 3.17641039e-05 
38154.687680 3.13248734e-05 
38166.697340 3.11821467e-05 
38178.707000 3.20455447e-05 
38190.716660 3.23835730e-05 
38202.726320 3.19530176e-05 
38214.735980 3.16479290e-05 
38226.745640 3.17635993e-05 
38238.755300 3.08363088e-05 
38250.764950 3.09966078e-05 
38262.774610 3.19159845e-05 
38274.784270 3.22143063e-05 
38286.793930 3.21096823e-05 
38298.803590 3.25322367e-05 
38310.813250 3.30667478e-05 
38322.822910 3.25488902e-05 
38334.832570 3.29017845e-05 
38346.842230 3.33716278e-05 
38358.851890 3.32773795e-05 
38370.861550 3.31093965e-05 
38382.871210 3.37580666e-05 
38394.880870 3.38263738e-05 
38406.890530 3.30037871e-05 
38418.900190 3.27938595e-05 
38430.909840 3.23393835e-05 
38442.919500 3.13069082e-05 
38454.929160 3.03937611e-05 
38466.938820 3.04133240e-05 
38478.948480 2.95431346e-05 
38490.958140 2.87990916e-05 
38502.967800 2.88012733e-05 
38514.977460 2.89381519e-05 
38526.987120 2.86672815e-05 
38538.996780 2.87440378e-05 
38551.006440 2.93832802e-05 
38563.016100 2.90929809e-05 
38575.025760 2.92899357e-05 
38587.035420 3.00480294e-05 
38599.045070 3.08282078e-05 
38611.054730 3.07490991e-05 
38623.064390 3.11321449e-05 
38635.074050 3.16129444e-05 
38647.083710 3.12451675e-05 
38659.093370 3.08562649e-05 
38671.103030 3.07813239e-05 
38683.112690 3.06012216e-05 
38695.122350 2.98593418e-05 
38707.132010 2.98182780e-05 
38719.141670 2.96036017e-05 
38731.151330 2.88487753e-05 
38743.160990 2.81390670e-05 
38755.170650 2.83582963e-05 
38767.180310 2.84147379e-05 
38779.189960 2.80376393e-05 
38791.199620 2.80882568e-05 
38803.209280 2.81409485e-05 
38815.218940 2.77765891e-05 
38827.228600 2.74333405e-05 
38839.238260 2.78073900e-05 
38851.247920 2.75635353e-05 
38863.257580 2.69804777e-05 
38875.267240 2.66567055e-05 
38887.276900 2.65863600e-05 
38899.286560 2.59014218e-05 
38911.296220 2.54857251e-05 
38923.305880 2.54428588e-05 
38935.315540 2.47972219e-05 
38947.325200 2.37433236e-05 
38959.334850 2.30549652e-05 
38971.344510 2.25730528e-05 
38983.354170 2.14290559e-05 
38995.363830 2.05552072e-05 
39007.373490 2.00757484e-05 
39019.383150 1.98082892e-05 
39031.392810 1.92743294e-05 
39043.402470 1.94092573e-05 
39055.412130 1.97129724e-05 
39067.421790 1.95935575e-05 
39079.431450 1.96258534e-05 
39091.441110 2.01867583e-05 
39103.450770 2.05235352e-05 
39115.460430 2.03077145e-05 
39127.470090 2.05163127e-05 
39139.479740 2.08112972e-05 
39151.489400 2.04501394e-05 
39163.499060 2.00053083e-05 
39175.508720 2.01406654e-05 
39187.518380 2.00022944e-05 
39199.528040 1.94568637e-05 
39211.537700 1.89651733e-05 
39223.547360 1.87788518e-05 
39235.557020 1.80564599e-05 
39247.566680 1.75382119e-05 
39259.576340 1.73510169e-05 
39271.586000 1.71610330e-05 
39283.595660 1.62889101e-05 
39295.605320 1.57828517e-05 
39307.614980 1.57301835e-05 
39319.624630 1.54553768e-05 
39331.634290 1.52198017e-05 
39343.643950 1.55240471e-05 
39355.653610 1.62271110e-05 
39367.663270 1.64537866e-05 
39379.672930 1.71814946e-05 
39391.682590 1.80527486e-05 
39403.692250 1.86132989e-05 
39415.701910 1.86240412e-05 
39427.711570 1.86939851e-05 
39439.721230 1.86987004e-05 
39451.730890 1.80661450e-05 
39463.740550 1.71434896e-05 
39475.750210 1.67257448e-05 
39487.759870 1.61018155e-05 
39499.769520 1.53551194e-05 
39511.779180 1.49519251e-05 
39523.788840 1.50840576e-05 
39535.798500 1.49886551e-05 
39547.808160 1.48086619e-05 
39559.817820 1.50236182e-05 
39571.827480 1.51522632e-05 
39583.837140 1.50518264e-05 
39595.846800 1.50906376e-05 
39607.856460 1.54154500e-05 
39619.866120 1.52679192e-05 
39631.875780 1.48589948e-05 
39643.885440 1.47975356e-05 
39655.895100 1.48582079e-05 
39667.904760 1.45669747e-05 
39679.914410 1.44434963e-05 
39691.924070 1.48718603e-05 
39703.933730 1.53832750e-05 
39715.943390 1.52814847e-05 
39727.953050 1.52364757e-05 
39739.962710 1.52711845e-05 
39751.972370 1.53002090e-05 
39763.982030 1.51401597e-05 
39775.991690 1.51957027e-05 
39788.001350 1.51415135e-05 
39800.011010 1.47814797e-05 
39812.020670 1.45930996e-05 
39824.030330 1.46774686e-05 
39836.039990 1.45642509e-05 
39848.049640 1.40951455e-05 
39860.059300 1.36866195e-05 
39872.068960 1.37239500e-05 
39884.078620 1.34752533e-05 
39896.088280 1.30053454e-05 
39908.097940 1.28348124e-05 
39920.107600 1.29884051e-05 
39932.117260 1.28042779e-05 
39944.126920 1.27201227e-05 
39956.136580 1.28696695e-05 
39968.146240 1.28521780e-05 
39980.155900 1.22420376e-05 
39992.165560 1.19201239e-05 
40004.175220 1.20042826e-05 
40016.184880 1.20672141e-05 
40028.194530 1.22036308e-05 
40040.204190 1.25093080e-05 
40052.213850 1.28285246e-05 
40064.223510 1.26949919e-05 
40076.233170 1.26566971e-05 
40088.242830 1.28099943e-05 
40100.252490 1.28865228e-05 
40112.262150 1.25469034e-05 
40124.271810 1.23791460e-05 
40136.281470 1.26437399e-05 
40148.291130 1.29598185e-05 
40160.300790 1.30342239e-05 
40172.310450 1.31599124e-05 
40184.320110 1.32570318e-05 
40196.329770 1.31079263e-05 
40208.339420 1.27022846e-05 
40220.349080 1.23059204e-05 
40232.358740 1.18571421e-05 
40244.368400 1.09985113e-05 
40256.378060 1.02051142e-05 
40268.387720 9.80107461e-06 
40280.397380 9.79337414e-06 
40292.407040 9.70364265e-06 
40304.416700 9.59450822e-06 
40316.426360 9.60666762e-06 
40328.436020 9.37933841e-06 
40340.445680 9.28723120e-06 
40352.455340 9.45305805e-06 
40364.465000 9.70868371e-06 
40376.474660 9.62179686e-06 
40388.484310 9.52666820e-06 
40400.493970 9.92090354e-06 
40412.503630 1.05441020e-05 
40424.513290 1.10135441e-05 
40436.522950 1.12301353e-05 
40448.532610 1.15643860e-05 
40460.542270 1.19083779e-05 
40472.551930 1.19807362e-05 
40484.561590 1.18763758e-05 
40496.571250 1.16248985e-05 
40508.580910 1.12103667e-05 
40520.590570 1.07895787e-05 
40532.600230 1.06836626e-05 
40544.609890 1.07158389e-05 
40556.619550 1.08122249e-05 
40568.629200 1.08662072e-05 
40580.638860 1.10570192e-05 
40592.648520 1.13229337e-05 
40604.658180 1.14146458e-05 
40616.667840 1.13862577e-05 
40628.677500 1.14127011e-05 
40640.687160 1.15308389e-05 
40652.696820 1.12243200e-05 
40664.706480 1.06922807e-05 
40676.716140 1.01759965e-05 
40688.725800 9.78510415e-06 
40700.735460 9.36684877e-06 
40712.745120 9.00844438e-06 
40724.754780 8.80264348e-06 
40736.764440 8.57409196e-06 
40748.774090 8.42448969e-06 
40760.783750 8.52776339e-06 
40772.793410 8.94524868e-06 
40784.803070 9.24620782e-06 
40796.812730 9.33947260e-06 
40808.822390 9.35605503e-06 
40820.832050 9.39344147e-06 
40832.841710 9.22629832e-06 
40844.851370 8.86988511e-06 
40856.861030 8.51998506e-06 
40868.870690 8.31124947e-06 
40880.880350 8.03440974e-06 
40892.890010 7.72181155e-06 
40904.899670 7.43065660e-06 
40916.909320 7.27030673e-06 
40928.918980 7.15036442e-06 
40940.928640 7.14829974e-06 
40952.938300 7.21912112e-06 
40964.947960 7.22711001e-06 
40976.957620 7.21076406e-06 
40988.967280 7.53663573e-06 
41000.976940 8.02784658e-06 
41012.986600 8.58176574e-06 
41024.996260 8.60748307e-06 
41037.005920 8.56868937e-06 
41049.015580 8.50601599e-06 
41061.025240 8.71343334e-06 
41073.034900 8.76199091e-06 
41085.044560 8.70011631e-06 
41097.054210 8.53578607e-06 
41109.063870 8.21049008e-06 
41121.073530 7.94560554e-06 
41133.083190 7.78088870e-06 
41145.092850 7.57739859e-06 
41157.102510 7.08722780e-06 
41169.112170 6.75204332e-06 
41181.121830 6.61566653e-06 
41193.131490 6.73783637e-06 
41205.141150 6.87424545e-06 
41217.150810 7.30635560e-06 
41229.160470 7.85554347e-06 
41241.170130 8.58858280e-06 
41253.179790 9.18302729e-06 
41265.189450 9.60911874e-06 
41277.199100 9.83855331e-06 
41289.208760 9.99213864e-06 
41301.218420 9.83332938e-06 
41313.228080 9.52583260e-06 
41325.237740 9.11605643e-06 
41337.247400 8.82886712e-06 
41349.257060 8.53924730e-06 
41361.266720 8.24265733e-06 
41373.276380 7.88315030e-06 
41385.286040 7.62524227e-06 
41397.295700 7.44323683e-06 
41409.305360 7.38728438e-06 
41421.315020 7.45604920e-06 
41433.324680 7.43200354e-06 
41445.334340 7.42064484e-06 
41457.343990 7.36723572e-06 
41469.353650 7.49945283e-06 
41481.363310 7.53683767e-06 
41493.372970 7.71569706e-06 
41505.382630 7.70482523e-06 
41517.392290 7.67244071e-06 
41529.401950 7.58090160e-06 
41541.411610 7.60231698e-06 
41553.421270 7.51248136e-06 
41565.430930 7.33275699e-06 
41577.440590 7.02436357e-06 
41589.450250 6.82871724e-06 
41601.459910 6.59174321e-06 
41613.469570 6.34529819e-06 
41625.479230 6.06541455e-06 
41637.488880 5.70722677e-06 
41649.498540 5.45884138e-06 
41661.508200 5.25014790e-06 
41673.517860 5.15875854e-06 
41685.527520 4.90667958e-06 
41697.537180 4.86012202e-06 
41709.546840 4.80687261e-06 
41721.556500 4.86563699e-06 
41733.566160 4.84909639e-06 
41745.575820 4.78104686e-06 
41757.585480 4.73414351e-06 
41769.595140 4.75509621e-06 
41781.604800 4.90223211e-06 
41793.614460 4.97973964e-06 
41805.624120 4.98248362e-06 
41817.633770 4.98720963e-06 
41829.643430 5.18331234e-06 
41841.653090 5.54069873e-06 
41853.662750 5.94369753e-06 
41865.672410 6.26441514e-06 
41877.682070 6.63548769e-06 
41889.691730 6.88860667e-06 
41901.701390 7.16150434e-06 
41913.711050 7.25679514e-06 
41925.720710 7.29823725e-06 
41937.730370 7.01931630e-06 
41949.740030 6.64481396e-06 
41961.749690 6.20391194e-06 
41973.759350 5.75865737e-06 
41985.769010 5.59634577e-06 
41997.778660 5.52274770e-06 
42009.788320 5.57593704e-06 
42021.797980 5.59614921e-06 
42033.807640 5.89960111e-06 
42045.817300 6.02920083e-06 
42057.826960 6.13904997e-06 
42069.836620 6.05817202e-06 
42081.846280 5.92938981e-06 
42093.855940 5.60155091e-06 
42105.865600 5.31396911e-06 
42117.875260 5.47063270e-06 
42129.884920 5.78444072e-06 
42141.894580 5.99235416e-06 
42153.904240 6.19240098e-06 
42165.913890 6.69706711e-06 
42177.923550 7.19300931e-06 
42189.933210 7.77010507e-06 
42201.942870 8.00271037e-06 
42213.952530 7.80469076e-06 
42225.962190 7.42000385e-06 
42237.971850 7.21400880e-06 
42249.981510 6.90403048e-06 
42261.991170 6.44883879e-06 
42274.000830 6.25529702e-06 
42286.010490 6.09708425e-06 
42298.020150 6.16095539e-06 
42310.029810 6.24363069e-06 
42322.039470 6.63251241e-06 
42334.049130 6.81813176e-06 
42346.058780 6.88171125e-06 
42358.068440 6.68157989e-06 
42370.078100 6.42441125e-06 
42382.087760 6.27593846e-06 
42394.097420 6.03839224e-06 
42406.107080 5.93605238e-06 
42418.116740 5.94169615e-06 
42430.126400 6.18106629e-06 
42442.136060 6.33391931e-06 
42454.145720 6.54872112e-06 
42466.155380 6.55756009e-06 
42478.165040 6.48490992e-06 
42490.174700 6.06932036e-06 
42502.184360 5.39821622e-06 
42514.194020 4.59234226e-06 
42526.203670 4.11043935e-06 
42538.213330 3.96316685e-06 
42550.222990 3.79599317e-06 
42562.232650 3.85626030e-06 
42574.242310 4.02008538e-06 
42586.251970 4.39319540e-06 
42598.261630 4.52629488e-06 
42610.271290 4.64672314e-06 
42622.280950 4.84393887e-06 
42634.290610 5.00837820e-06 
42646.300270 5.20370893e-06 
42658.309930 5.32291517e-06 
42670.319590 5.75102054e-06 
42682.329250 6.13696376e-06 
42694.338910 6.46555145e-06 
42706.348560 6.43105409e-06 
42718.358220 6.26159091e-06 
42730.367880 6.04335290e-06 
42742.377540 5.67951546e-06 
42754.387200 5.22845651e-06 
42766.396860 4.64324762e-06 
42778.406520 4.58696520e-06 
42790.416180 4.55396012e-06 
42802.425840 4.73251443e-06 
42814.435500 5.07380738e-06 
42826.445160 5.71111349e-06 
42838.454820 6.15260126e-06 
42850.464480 6.42652867e-06 
42862.474140 6.69355736e-06 
42874.483800 6.86141992e-06 
42886.493450 7.21994198e-06 
42898.503110 7.31191401e-06 
42910.512770 7.05035790e-06 
42922.522430 6.61440398e-06 
42934.532090 6.56419744e-06 
42946.541750 6.42593766e-06 
42958.551410 6.11108753e-06 
42970.561070 5.98667858e-06 
42982.570730 5.79012773e-06 
42994.580390 5.61261247e-06 
43006.590050 5.26590885e-06 
43018.599710 5.09979613e-06 
43030.609370 5.12854643e-06 
43042.619030 5.43350160e-06 
43054.628690 5.33906978e-06 
43066.638340 4.83157202e-06 
43078.648000 4.85371094e-06 
43090.657660 4.93973703e-06 
43102.667320 5.30413275e-06 
43114.676980 5.44462024e-06 
43126.686640 5.46236152e-06 
43138.696300 5.29880302e-06 
43150.705960 5.35831480e-06 
43162.715620 5.32161130e-06 
43174.725280 4.90012545e-06 
43186.734940 4.97764802e-06 
43198.744600 4.83071840e-06 
43210.754260 4.66192639e-06 
43222.763920 4.54502801e-06 
43234.773570 4.71029393e-06 
43246.783230 4.98220691e-06 
43258.792890 5.02862124e-06 
43270.802550 5.13253095e-06 
43282.812210 5.22492081e-06 
43294.821870 5.69234612e-06 
43306.831530 5.61617757e-06 
43318.841190 5.35332138e-06 
43330.850850 5.15485052e-06 
43342.860510 5.22244440e-06 
43354.870170 5.53606443e-06 
43366.879830 5.51088473e-06 
43378.889490 5.38435678e-06 
43390.899150 5.28007659e-06 
43402.908810 5.71752702e-06 
43414.918460 5.88984072e-06 
43426.928120 5.80156550e-06 
43438.937780 5.98303991e-06 
43450.947440 6.31297918e-06 
43462.957100 6.79646363e-06 
43474.966760 6.96630415e-06 
43486.976420 7.17665024e-06 
43498.986080 7.51053449e-06 
43510.995740 7.87694990e-06 
43523.005400 8.02400506e-06 
43535.015060 7.76383046e-06 
43547.024720 7.81448421e-06 
43559.034380 7.92227123e-06 
43571.044040 7.98544852e-06 
43583.053700 7.92928822e-06 
43595.063350 7.95665247e-06 
43607.073010 8.42657380e-06 
43619.082670 8.71791029e-06 
43631.092330 8.75781208e-06 
43643.101990 8.38977513e-06 
43655.111650 8.31525866e-06 
43667.121310 8.41913860e-06 
43679.130970 8.19788542e-06 
43691.140630 7.67153582e-06 
43703.150290 6.88152453e-06 
43715.159950 6.67187106e-06 
43727.169610 6.21874284e-06 
43739.179270 5.79333961e-06 
43751.188930 5.46131561e-06 
43763.198590 5.49125752e-06 
43775.208240 5.99395852e-06 
43787.217900 6.24474328e-06 
43799.227560 6.54451802e-06 
43811.237220 6.83670317e-06 
43823.246880 7.43811116e-06 
43835.256540 7.48566998e-06 
43847.266200 7.13424544e-06 
43859.275860 6.66735356e-06 
43871.285520 6.13435555e-06 
43883.295180 5.94178130e-06 
43895.304840 5.65843483e-06 
43907.314500 5.29890446e-06 
43919.324160 5.55136034e-06 
43931.333820 6.24400857e-06 
43943.343480 6.72942498e-06 
43955.353130 6.76765062e-06 
43967.362790 6.87394982e-06 
43979.372450 7.42615421e-06 
43991.382110 8.05380686e-06 
44003.391770 8.51127260e-06 
44015.401430 8.49613341e-06 
44027.411090 8.76557216e-06 
44039.420750 9.04355909e-06 
44051.430410 9.28938803e-06 
44063.440070 9.35887563e-06 
44075.449730 9.16093423e-06 
44087.459390 9.58683756e-06 
44099.469050 9.79997775e-06 
44111.478710 9.74287288e-06 
44123.488370 9.49908168e-06 
44135.498020 9.65165184e-06 
44147.507680 9.97168012e-06 
44159.517340 9.94652976e-06 
44171.527000 9.72765574e-06 
44183.536660 9.06449078e-06 
44195.546320 8.85308874e-06 
44207.555980 8.71615983e-06 
44219.565640 8.34917654e-06 
44231.575300 7.95552527e-06 
44243.584960 7.80651615e-06 
44255.594620 8.12042835e-06 
44267.604280 8.19699124e-06 
44279.613940 8.01523218e-06 
44291.623600 7.90878942e-06 
44303.633260 8.09919902e-06 
44315.642910 8.56753543e-06 
44327.652570 8.47469908e-06 
44339.662230 8.19669656e-06 
44351.671890 8.10080635e-06 
44363.681550 8.32086581e-06 
44375.691210 8.71635204e-06 
44387.700870 8.88998621e-06 
44399.710530 9.09952295e-06 
44411.720190 9.62069186e-06 
44423.729850 1.04256172e-05 
44435.739510 1.11218377e-05 
44447.749170 1.14305041e-05 
44459.758830 1.19173036e-05 
44471.768490 1.23118554e-05 
44483.778140 1.23892012e-05 
44495.787800 1.21624741e-05 
44507.797460 1.16020285e-05 
44519.807120 1.16114970e-05 
44531.816780 1.16886451e-05 
44543.826440 1.17525554e-05 
44555.836100 1.15151210e-05 
44567.845760 1.13079590e-05 
44579.855420 1.16371004e-05 
44591.865080 1.16112927e-05 
44603.874740 1.12954197e-05 
44615.884400 1.06847540e-05 
44627.894060 1.01869344e-05 
44639.903720 9.77267501e-06 
44651.913380 9.03905123e-06 
44663.923030 8.31147307e-06 
44675.932690 7.81546732e-06 
44687.942350 7.98490532e-06 
44699.952010 8.40208154e-06 
44711.961670 8.33759556e-06 
44723.971330 8.27487545e-06 
44735.980990 8.56124143e-06 
44747.990650 9.31555021e-06 
44760.000310 9.92167579e-06 
44772.009970 9.81030269e-06 
44784.019630 9.68403300e-06 
44796.029290 9.94527045e-06 
44808.038950 1.05745364e-05 
44820.048610 1.09719583e-05 
44832.058270 1.08521585e-05 
44844.067920 1.11341796e-05 
44856.077580 1.19668188e-05 
44868.087240 1.29585767e-05 
44880.096900 1.34896146e-05 
44892.106560 1.34911944e-05 
44904.116220 1.38576202e-05 
44916.125880 1.44077847e-05 
44928.135540 1.47823237e-05 
44940.145200 1.44308424e-05 
44952.154860 1.36456961e-05 
44964.164520 1.34286537e-05 
44976.174180 1.35167461e-05 
44988.183840 1.36345563e-05 
45000.193500 1.34095537e-05 
45012.203160 1.32161042e-05 
45024.212810 1.34605166e-05 
45036.222470 1.36694963e-05 
45048.232130 1.36367426e-05 
45060.241790 1.31880714e-05 
45072.251450 1.28072791e-05 
45084.261110 1.27357044e-05 
45096.270770 1.24821454e-05 
45108.280430 1.20781754e-05 
45120.290090 1.17876128e-05 
45132.299750 1.19785139e-05 
45144.309410 1.26126440e-05 
45156.319070 1.28935980e-05 
45168.328730 1.29853707e-05 
45180.338390 1.32968215e-05 
45192.348050 1.40384747e-05 
45204.357700 1.49849830e-05 
45216.367360 1.51651282e-05 
45228.377020 1.50352813e-05 
45240.386680 1.49382121e-05 
45252.396340 1.52604438e-05 
45264.406000 1.56933574e-05 
45276.415660 1.53953664e-05 
45288.425320 1.47701538e-05 
45300.434980 1.42542746e-05 
45312.444640 1.43270568e-05 
45324.454300 1.43639255e-05 
45336.463960 1.39099470e-05 
45348.473620 1.33216799e-05 
45360.483280 1.29471685e-05 
45372.492940 1.27136855e-05 
45384.502590 1.23675338e-05 
45396.512250 1.18303332e-05 
45408.521910 1.14713940e-05 
45420.531570 1.19051378e-05 
45432.541230 1.26068972e-05 
45444.550890 1.32016969e-05 
45456.560550 1.35315373e-05 
45468.570210 1.42344305e-05 
45480.579870 1.55682077e-05 
45492.589530 1.66971155e-05 
45504.599190 1.73625743e-05 
45516.608850 1.73577082e-05 
45528.618510 1.74857457e-05 
45540.628170 1.80003822e-05 
45552.637820 1.82172318e-05 
45564.647480 1.79917835e-05 
45576.657140 1.74509707e-05 
45588.666800 1.72765510e-05 
45600.676460 1.76018109e-05 
45612.686120 1.75689295e-05 
45624.695780 1.73876516e-05 
45636.705440 1.71779952e-05 
45648.715100 1.74266079e-05 
45660.724760 1.79848807e-05 
45672.734420 1.81393294e-05 
45684.744080 1.78307333e-05 
45696.753740 1.73145221e-05 
45708.763400 1.71047926e-05 
45720.773060 1.67769119e-05 
45732.782710 1.59528998e-05 
45744.792370 1.48629022e-05 
45756.802030 1.42105002e-05 
45768.811690 1.42818925e-05 
45780.821350 1.46287318e-05 
45792.831010 1.46096747e-05 
45804.840670 1.43574388e-05 
45816.850330 1.45024858e-05 
45828.859990 1.49981144e-05 
45840.869650 1.54505077e-05 
45852.879310 1.52794094e-05 
45864.888970 1.46191424e-05 
45876.898630 1.42802282e-05 
45888.908290 1.46766756e-05 
45900.917950 1.52603259e-05 
45912.927600 1.54853468e-05 
45924.937260 1.55167817e-05 
45936.946920 1.58570754e-05 
45948.956580 1.63694108e-05 
45960.966240 1.64988530e-05 
45972.975900 1.61390825e-05 
45984.985560 1.54073170e-05 
45996.995220 1.51106145e-05 
46009.004880 1.53520408e-05 
46021.014540 1.54211542e-05 
46033.024200 1.53040506e-05 
46045.033860 1.53409739e-05 
46057.043520 1.60852210e-05 
46069.053180 1.73281248e-05 
46081.062840 1.81023110e-05 
46093.072490 1.82988565e-05 
46105.082150 1.81333889e-05 
46117.091810 1.82629781e-05 
46129.101470 1.84810987e-05 
46141.111130 1.80499900e-05 
46153.120790 1.70642726e-05 
46165.130450 1.59111499e-05 
46177.140110 1.53504412e-05 
46189.149770 1.52351850e-05 
46201.159430 1.51283678e-05 
46213.169090 1.49799474e-05 
46225.178750 1.51871118e-05 
46237.188410 1.61239293e-05 
46249.198070 1.71213909e-05 
46261.207730 1.75159192e-05 
46273.217380 1.72590445e-05 
46285.227040 1.69110757e-05 
46297.236700 1.67775336e-05 
46309.246360 1.65884918e-05 
46321.256020 1.59502066e-05 
46333.265680 1.49858244e-05 
46345.275340 1.44961928e-05 
46357.285000 1.49453653e-05 
46369.294660 1.57881451e-05 
46381.304320 1.64552257e-05 
46393.313980 1.68531352e-05 
46405.323640 1.74483457e-05 
46417.333300 1.84464623e-05 
46429.342960 1.92895239e-05 
46441.352620 1.95192459e-05 
46453.362270 1.91806560e-05 
46465.371930 1.89543534e-05 
46477.381590 1.92114841e-05 
46489.391250 1.95885219e-05 
46501.400910 1.96531490e-05 
46513.410570 1.93991815e-05 
46525.420230 1.94217951e-05 
46537.429890 1.99487419e-05 
46549.439550 2.05189954e-05 
46561.449210 2.06339184e-05 
46573.458870 2.01967028e-05 
46585.468530 1.96674664e-05 
46597.478190 1.92986061e-05 
46609.487850 1.88623595e-05 
46621.497510 1.79329145e-05 
46633.507160 1.67166452e-05 
46645.516820 1.57942782e-05 
46657.526480 1.55659819e-05 
46669.536140 1.56618457e-05 
46681.545800 1.56059810e-05 
46693.555460 1.54366946e-05 
46705.565120 1.57040013e-05 
46717.574780 1.67137477e-05 
46729.584440 1.78964170e-05 
46741.594100 1.87137761e-05 
46753.603760 1.90446754e-05 
46765.613420 1.93936647e-05 
46777.623080 2.01835268e-05 
46789.632740 2.07548053e-05 
46801.642390 2.06112370e-05 
46813.652050 1.97740899e-05 
46825.661710 1.89333071e-05 
46837.671370 1.86287037e-05 
46849.681030 1.85290586e-05 
46861.690690 1.81078845e-05 
46873.700350 1.71837701e-05 
46885.710010 1.65774217e-05 
46897.719670 1.67296220e-05 
46909.729330 1.74571297e-05 
46921.738990 1.80185541e-05 
46933.748650 1.80359870e-05 
46945.758310 1.79423979e-05 
46957.767970 1.81821983e-05 
46969.777630 1.88113964e-05 
46981.787280 1.92527712e-05 
46993.796940 1.91904747e-05 
47005.806600 1.90874104e-05 
47017.816260 1.93383462e-05 
47029.825920 2.00892110e-05 
47041.835580 2.05341633e-05 
47053.845240 2.04357175e-05 
47065.854900 2.01661166e-05 
47077.864560 2.02068648e-05 
47089.874220 2.04835179e-05 
47101.883880 2.04124313e-05 
47113.893540 1.97910277e-05 
47125.903200 1.87989066e-05 
47137.912860 1.83758580e-05 
47149.922520 1.84609130e-05 
47161.932170 1.86857701e-05 
47173.941830 1.86091529e-05 
47185.951490 1.83083781e-05 
47197.961150 1.84708153e-05 
47209.970810 1.90939440e-05 
47221.980470 1.96707498e-05 
47233.990130 1.97802330e-05 
47245.999790 1.93903104e-05 
47258.009450 1.90594512e-05 
47270.019110 1.92468733e-05 
47282.028770 1.93944328e-05 
47294.038430 1.91502452e-05 
47306.048090 1.85358696e-05 
47318.057750 1.80650907e-05 
47330.067410 1.83458739e-05 
47342.077060 1.91143854e-05 
47354.086720 1.97344611e-05 
47366.096380 1.99688476e-05 
47378.106040 2.02984613e-05 
47390.115700 2.10543325e-05 
47402.125360 2.21260361e-05 
47414.135020 2.27233807e-05 
47426.144680 2.25199292e-05 
47438.154340 2.18381311e-05 
47450.164000 2.11450572e-05 
47462.173660 2.08269488e-05 
47474.183320 2.02400173e-05 
47486.192980 1.92132306e-05 
47498.202640 1.82511461e-05 
47510.212300 1.78495942e-05 
47522.221950 1.81921168e-05 
47534.231610 1.89514213e-05 
47546.241270 1.93909116e-05 
47558.250930 1.94016527e-05 
47570.260590 1.96065141e-05 
47582.270250 1.99614063e-05 
47594.279910 2.02764802e-05 
47606.289570 1.98816578e-05 
47618.299230 1.89634080e-05 
47630.308890 1.81595836e-05 
47642.318550 1.78538684e-05 
47654.328210 1.79066633e-05 
47666.337870 1.80508367e-05 
47678.347530 1.79142129e-05 
47690.357190 1.76960408e-05 
47702.366840 1.81545252e-05 
47714.376500 1.88314378e-05 
47726.386160 1.93551077e-05 
47738.395820 1.93997913e-05 
47750.405480 1.91232573e-05 
47762.415140 1.90981441e-05 
47774.424800 1.95683508e-05 
47786.434460 1.99955080e-05 
47798.444120 2.00273620e-05 
47810.453780 1.96695434e-05 
47822.463440 1.93171077e-05 
47834.473100 1.94425015e-05 
47846.482760 1.96108081e-05 
47858.492420 1.94312168e-05 
47870.502070 1.88364734e-05 
47882.511730 1.81874252e-05 
47894.521390 1.80089685e-05 
47906.531050 1.82039403e-05 
47918.540710 1.80220813e-05 
47930.550370 1.73656262e-05 
47942.560030 1.65614133e-05 
47954.569690 1.59715179e-05 
47966.579350 1.59242635e-05 
47978.589010 1.58379078e-05 
47990.598670 1.53918840e-05 
48002.608330 1.47958178e-05 
48014.617990 1.44737723e-05 
48026.627650 1.45699700e-05 
48038.637310 1.51829997e-05 
48050.646960 1.54819126e-05 
48062.656620 1.53931570e-05 
48074.666280 1.55960492e-05 
48086.675940 1.61759123e-05 
48098.685600 1.71362703e-05 
48110.695260 1.80032157e-05 
48122.704920 1.84592179e-05 
48134.714580 1.85654525e-05 
48146.724240 1.88860961e-05 
48158.733900 1.92792472e-05 
48170.743560 1.96896128e-05 
48182.753220 1.93326457e-05 
48194.762880 1.84116866e-05 
48206.772540 1.77381851e-05 
48218.782200 1.74339166e-05 
48230.791850 1.72092581e-05 
48242.801510 1.68215558e-05 
48254.811170 1.61287121e-05 
48266.820830 1.52549218e-05 
48278.830490 1.51075197e-05 
48290.840150 1.52116592e-05 
48302.849810 1.51910100e-05 
48314.859470 1.49219135e-05 
48326.869130 1.44947009e-05 
48338.878790 1.44356163e-05 
48350.888450 1.50776753e-05 
48362.898110 1.56739260e-05 
48374.907770 1.59954427e-05 
48386.917430 1.61401322e-05 
48398.927090 1.62819110e-05 
48410.936740 1.68342817e-05 
48422.946400 1.74582971e-05 
48434.956060 1.76177545e-05 
48446.965720 1.70577276e-05 
48458.975380 1.62623789e-05 
48470.985040 1.55365057e-05 
48482.994700 1.52028899e-05 
48495.004360 1.48124370e-05 
48507.014020 1.39201745e-05 
48519.023680 1.29505534e-05 
48531.033340 1.21218576e-05 
48543.043000 1.19381788e-05 
48555.052660 1.24141022e-05 
48567.062320 1.28555571e-05 
48579.071980 1.30943750e-05 
48591.081630 1.35142278e-05 
48603.091290 1.43180248e-05 
48615.100950 1.55126872e-05 
48627.110610 1.68378282e-05 
48639.120270 1.75321640e-05 
48651.129930 1.77225337e-05 
48663.139590 1.79425372e-05 
48675.149250 1.83054924e-05 
48687.158910 1.87768705e-05 
48699.168570 1.88620820e-05 
48711.178230 1.84574049e-05 
48723.187890 1.79991151e-05 
48735.197550 1.79137014e-05 
48747.207210 1.79300920e-05 
48759.216870 1.79155291e-05 
48771.226520 1.73051594e-05 
48783.236180 1.61965332e-05 
48795.245840 1.55156224e-05 
48807.255500 1.53578611e-05 
48819.265160 1.51990260e-05 
48831.274820 1.48475676e-05 
48843.284480 1.41921629e-05 
48855.294140 1.34446141e-05 
48867.303800 1.33211130e-05 
48879.313460 1.35874452e-05 
48891.323120 1.37052522e-05 
48903.332780 1.34585743e-05 
48915.342440 1.30345053e-05 
48927.352100 1.26966723e-05 
48939.361750 1.28101722e-05 
48951.371410 1.29882238e-05 
48963.381070 1.28011615e-05 
48975.390730 1.23079532e-05 
48987.400390 1.16603726e-05 
48999.410050 1.12359799e-05 
49011.419710 1.13279586e-05 
49023.429370 1.13885537e-05 
49035.439030 1.12142114e-05 
49047.448690 1.09726787e-05 
49059.458350 1.08397505e-05 
49071.468010 1.10588376e-05 
49083.477670 1.16095788e-05 
49095.487330 1.20056532e-05 
49107.496990 1.21033332e-05 
49119.506640 1.23740950e-05 
49131.516300 1.28831227e-05 
49143.525960 1.36609042e-05 
49155.535620 1.46866713e-05 
49167.545280 1.51633650e-05 
49179.554940 1.51800746e-05 
49191.564600 1.51866998e-05 
49203.574260 1.52213724e-05 
49215.583920 1.53087604e-05 
49227.593580 1.52639275e-05 
49239.603240 1.47623216e-05 
49251.612900 1.39896521e-05 
49263.622560 1.36501880e-05 
49275.632220 1.36326647e-05 
49287.641880 1.37315766e-05 
49299.651530 1.37384674e-05 
49311.661190 1.34726425e-05 
49323.670850 1.33058419e-05 
49335.680510 1.37541797e-05 
49347.690170 1.44903473e-05 
49359.699830 1.51979448e-05 
49371.709490 1.55689042e-05 
49383.719150 1.55238498e-05 
49395.728810 1.54762540e-05 
49407.738470 1.56696029e-05 
49419.748130 1.57812035e-05 
49431.757790 1.54944698e-05 
49443.767450 1.46258234e-05 
49455.777110 1.35160799e-05 
49467.786770 1.26682415e-05 
49479.796420 1.22777731e-05 
49491.806080 1.20342813e-05 
49503.815740 1.17667972e-05 
49515.825400 1.15193797e-05 
49527.835060 1.13438966e-05 
49539.844720 1.17624400e-05 
49551.854380 1.26443952e-05 
49563.864040 1.32389260e-05 
49575.873700 1.34444749e-05 
49587.883360 1.31592465e-05 
49599.893020 1.25963231e-05 
49611.902680 1.20731832e-05 
49623.912340 1.17643062e-05 
49635.922000 1.10514151e-05 
49647.931660 9.93504263e-06 
49659.941310 9.06682110e-06 
49671.950970 8.45850812e-06 
49683.960630 8.35795173e-06 
49695.970290 8.61288964e-06 
49707.979950 8.58912492e-06 
49719.989610 8.23362036e-06 
49731.999270 8.11913060e-06 
49744.008930 8.20581763e-06 
49756.018590 8.44497218e-06 
49768.028250 8.88156142e-06 
49780.037910 8.96853039e-06 
49792.047570 8.73922451e-06 
49804.057230 8.81599997e-06 
49816.066890 9.15197235e-06 
49828.076550 9.56324882e-06 
49840.086200 9.99197437e-06 
49852.095860 9.97739183e-06 
49864.105520 9.53077332e-06 
49876.115180 9.20551638e-06 
49888.124840 9.05746651e-06 
49900.134500 8.84669340e-06 
49912.144160 8.53802949e-06 
49924.153820 8.01312647e-06 
49936.163480 7.34515698e-06 
49948.173140 7.09068976e-06 
49960.182800 7.46838775e-06 
49972.192460 7.90630820e-06 
49984.202120 8.21811843e-06 
49996.211780 8.19311486e-06 
50008.221440 8.03705334e-06 
50020.231090 8.21342692e-06 
50032.240750 8.79948763e-06 
50044.250410 9.23512287e-06 
50056.260070 9.23275642e-06 
50068.269730 8.96135930e-06 
50080.279390 8.60254764e-06 
50092.289050 8.63091528e-06 
50104.298710 8.93925638e-06 
50116.308370 8.99082740e-06 
50128.318030 8.66013953e-06 
50140.327690 8.30707850e-06 
50152.337350 8.00300362e-06 
50164.347010 8.20978131e-06 
50176.356670 8.84140351e-06 
50188.366320 9.10996939e-06 
50200.375980 9.08619692e-06 
50212.385640 9.05079671e-06 
50224.395300 9.03644470e-06 
50236.404960 9.15664417e-06 
50248.414620 9.45544742e-06 
50260.424280 9.52946029e-06 
50272.433940 9.20683997e-06 
50284.443600 9.07673688e-06 
50296.453260 8.97354326e-06 
50308.462920 8.91111533e-06 
50320.472580 8.87664063e-06 
50332.482240 8.53699450e-06 
50344.491900 7.83266776e-06 
50356.501560 7.15118739e-06 
50368.511210 6.68512249e-06 
50380.520870 6.43854236e-06 
50392.530530 6.40807119e-06 
50404.540190 6.28228644e-06 
50416.549850 6.05776594e-06 
50428.559510 6.06201624e-06 
50440.569170 6.28606357e-06 
50452.578830 6.55717213e-06 
50464.588490 6.80182260e-06 
50476.598150 7.02770477e-06 
50488.607810 7.02541476e-06 
50500.617470 7.15912894e-06 
50512.627130 7.57212161e-06 
50524.636790 8.13763589e-06 
50536.646450 8.66631683e-06 
50548.656100 9.05778511e-06 
50560.665760 9.15343207e-06 
50572.675420 9.05485460e-06 
50584.685080 9.13552345e-06 
50596.694740 9.25641285e-06 
50608.704400 9.12578671e-06 
50620.714060 8.75963483e-06 
50632.723720 8.26074978e-06 
50644.733380 7.83677800e-06 
50656.743040 7.85943843e-06 
50668.752700 8.30813707e-06 
50680.762360 8.59154763e-06 
50692.772020 8.73448028e-06 
50704.781680 8.66750766e-06 
50716.791340 8.51460374e-06 
50728.800990 8.52614839e-06 
50740.810650 8.69795397e-06 
50752.820310 8.55356788e-06 
50764.829970 7.99189268e-06 
50776.839630 7.38946729e-06 
50788.849290 6.79556997e-06 
50800.858950 6.51506105e-06 
50812.868610 6.54515451e-06 
50824.878270 6.55938516e-06 
50836.887930 6.39185340e-06 
50848.897590 6.27608715e-06 
50860.907250 6.22247873e-06 
50872.916910 6.30554568e-06 
50884.926570 6.50118288e-06 
50896.936230 6.70139570e-06 
50908.945880 6.67106551e-06 
50920.955540 6.56824240e-06 
50932.965200 6.52659752e-06 
50944.974860 6.61831262e-06 
50956.984520 6.82537459e-06 
50968.994180 7.18956004e-06 
50981.003840 7.28388117e-06 
50993.013500 7.21193039e-06 
