20004.663860 2.21164809e-10 
20020.744780 1.99461564e-10 
20036.825700 1.80963808e-10 
20052.906620 1.65330887e-10 
20068.987540 1.51783053e-10 
20085.068460 1.40891477e-10 
20101.149380 1.31545798e-10 
20117.230300 1.23129719e-10 
20133.311220 1.16628021e-10 
20149.392140 1.11345046e-10 
20165.473060 1.05121714e-10 
20181.553980 1.00553814e-10 
20197.634900 9.52414476e-11 
20213.715820 9.14044864e-11 
20229.796740 8.77783094e-11 
20245.877660 8.32673817e-11 
20261.958580 8.02978774e-11 
20278.039490 7.77145724e-11 
20294.120410 7.54051405e-11 
20310.201330 7.34382779e-11 
20326.282250 7.18851922e-11 
20342.363170 6.97608192e-11 
20358.444090 6.88514225e-11 
20374.525010 6.82484787e-11 
20390.605930 6.80452442e-11 
20406.686850 6.87312180e-11 
20422.767770 6.88810140e-11 
20438.848690 6.92478893e-11 
20454.929610 6.98448164e-11 
20471.010530 7.06851599e-11 
20487.091450 7.23672679e-11 
20503.172370 7.41499507e-11 
20519.253290 7.59888606e-11 
20535.334210 7.90445832e-11 
20551.415130 8.17731541e-11 
20567.496050 8.55796333e-11 
20583.576970 8.94702703e-11 
20599.657880 9.44550803e-11 
20615.738800 9.98361699e-11 
20631.819720 1.05684450e-10 
20647.900640 1.12463976e-10 
20663.981560 1.20292180e-10 
20680.062480 1.29086039e-10 
20696.143400 1.38774429e-10 
20712.224320 1.49843012e-10 
20728.305240 1.63947635e-10 
20744.386160 1.78753913e-10 
20760.467080 1.97072582e-10 
20776.548000 2.16904318e-10 
20792.628920 2.41278211e-10 
20808.709840 2.69353156e-10 
20824.790760 3.00206968e-10 
20840.871680 3.38029235e-10 
20856.952600 3.82291118e-10 
20873.033520 4.34049707e-10 
20889.114440 4.94664435e-10 
20905.195360 5.66921892e-10 
20921.276270 6.51914490e-10 
20937.357190 7.53955316e-10 
20953.438110 8.79588537e-10 
20969.519030 1.02182811e-09 
20985.599950 1.19139609e-09 
21001.680870 1.39608958e-09 
21017.761790 1.62652580e-09 
21033.842710 1.90047019e-09 
21049.923630 2.21103977e-09 
21066.004550 2.54111691e-09 
21082.085470 2.90317941e-09 
21098.166390 3.27001033e-09 
21114.247310 3.62600724e-09 
21130.328230 3.94143471e-09 
21146.409150 4.18267986e-09 
21162.490070 4.37260477e-09 
21178.570990 4.45938356e-09 
21194.651910 4.48251394e-09 
21210.732830 4.44943770e-09 
21226.813750 4.36698292e-09 
21242.894660 4.23752715e-09 
21258.975580 4.10578235e-09 
21275.056500 3.96682537e-09 
21291.137420 3.81803311e-09 
21307.218340 3.67890579e-09 
21323.299260 3.54008967e-09 
21339.380180 3.40731323e-09 
21355.461100 3.28700157e-09 
21371.542020 3.19153406e-09 
21387.622940 3.10029382e-09 
21403.703860 3.02760798e-09 
21419.784780 2.95637056e-09 
21435.865700 2.90769063e-09 
21451.946620 2.86430763e-09 
21468.027540 2.82391892e-09 
21484.108460 2.78791262e-09 
21500.189380 2.75714277e-09 
21516.270300 2.73537219e-09 
21532.351220 2.72742266e-09 
21548.432140 2.72709144e-09 
21564.513050 2.74000585e-09 
21580.593970 2.75267234e-09 
21596.674890 2.78066646e-09 
21612.755810 2.81856046e-09 
21628.836730 2.85253260e-09 
21644.917650 2.90068110e-09 
21660.998570 2.95321357e-09 
21677.079490 3.00824714e-09 
21693.160410 3.06837826e-09 
21709.241330 3.12791023e-09 
21725.322250 3.20548495e-09 
21741.403170 3.28812660e-09 
21757.484090 3.38006472e-09 
21773.565010 3.47961083e-09 
21789.645930 3.58742186e-09 
21805.726850 3.70746870e-09 
21821.807770 3.83762789e-09 
21837.888690 3.98408721e-09 
21853.969610 4.15167201e-09 
21870.050530 4.32532311e-09 
21886.131450 4.51977406e-09 
21902.212360 4.73521842e-09 
21918.293280 4.97560333e-09 
21934.374200 5.24203449e-09 
21950.455120 5.53778474e-09 
21966.536040 5.88134531e-09 
21982.616960 6.27114743e-09 
21998.697880 6.71685597e-09 
22014.778800 7.25051283e-09 
22030.859720 7.85415426e-09 
22046.940640 8.55445362e-09 
22063.021560 9.36860021e-09 
22079.102480 1.03222734e-08 
22095.183400 1.14680709e-08 
22111.264320 1.28179712e-08 
22127.345240 1.44560871e-08 
22143.426160 1.64981427e-08 
22159.507080 1.90056235e-08 
22175.588000 2.22245371e-08 
22191.668920 2.62256668e-08 
22207.749840 3.11753475e-08 
22223.830750 3.71145896e-08 
22239.911670 4.36673818e-08 
22255.992590 4.98722198e-08 
22272.073510 5.50486170e-08 
22288.154430 5.85763641e-08 
22304.235350 6.08146679e-08 
22320.316270 6.24542356e-08 
22336.397190 6.42285350e-08 
22352.478110 6.67014044e-08 
22368.559030 7.02319930e-08 
22384.639950 7.50342518e-08 
22400.720870 8.11538977e-08 
22416.801790 8.91931774e-08 
22432.882710 9.90313869e-08 
22448.963630 1.11211519e-07 
22465.044550 1.25906421e-07 
22481.125470 1.43230763e-07 
22497.206390 1.63803456e-07 
22513.287310 1.87838215e-07 
22529.368230 2.14931510e-07 
22545.449140 2.45586306e-07 
22561.530060 2.79105848e-07 
22577.610980 3.15388710e-07 
22593.691900 3.53416648e-07 
22609.772820 3.93308883e-07 
22625.853740 4.33679344e-07 
22641.934660 4.74026785e-07 
22658.015580 5.13862116e-07 
22674.096500 5.51791652e-07 
22690.177420 5.88082939e-07 
22706.258340 6.22583438e-07 
22722.339260 6.54885591e-07 
22738.420180 6.86135545e-07 
22754.501100 7.15554833e-07 
22770.582020 7.44279712e-07 
22786.662940 7.71446015e-07 
22802.743860 7.98274251e-07 
22818.824780 8.27110548e-07 
22834.905700 8.58382389e-07 
22850.986620 8.93152639e-07 
22867.067530 9.34124621e-07 
22883.148450 9.81449629e-07 
22899.229370 1.03816356e-06 
22915.310290 1.10551703e-06 
22931.391210 1.18520467e-06 
22947.472130 1.27987926e-06 
22963.553050 1.39130161e-06 
22979.633970 1.52084333e-06 
22995.714890 1.67377678e-06 
23011.795810 1.84688646e-06 
23027.876730 2.04941355e-06 
23043.957650 2.28636542e-06 
23060.038570 2.56559640e-06 
23076.119490 2.89931725e-06 
23092.200410 3.29357703e-06 
23108.281330 3.77300345e-06 
23124.362250 4.36025437e-06 
23140.443170 5.07225402e-06 
23156.524090 5.97130632e-06 
23172.605010 7.08485787e-06 
23188.685920 8.43280191e-06 
23204.766840 1.00487182e-05 
23220.847760 1.19035951e-05 
23236.928680 1.39741686e-05 
23253.009600 1.61572760e-05 
23269.090520 1.84336116e-05 
23285.171440 2.07293446e-05 
23301.252360 2.30270662e-05 
23317.333280 2.53490973e-05 
23333.414200 2.76146093e-05 
23349.495120 2.98132318e-05 
23365.576040 3.17699277e-05 
23381.656960 3.34829545e-05 
23397.737880 3.47860253e-05 
23413.818800 3.56955799e-05 
23429.899720 3.62568861e-05 
23445.980640 3.65090319e-05 
23462.061560 3.66084467e-05 
23478.142480 3.66492790e-05 
23494.223400 3.67517496e-05 
23510.304310 3.69728023e-05 
23526.385230 3.73227890e-05 
23542.466150 3.78954765e-05 
23558.547070 3.86343809e-05 
23574.627990 3.95991464e-05 
23590.708910 4.06705437e-05 
23606.789830 4.19653003e-05 
23622.870750 4.32858107e-05 
23638.951670 4.46733479e-05 
23655.032590 4.59882057e-05 
23671.113510 4.71860308e-05 
23687.194430 4.82332837e-05 
23703.275350 4.90190615e-05 
23719.356270 4.95187061e-05 
23735.437190 4.97440766e-05 
23751.518110 4.95410904e-05 
23767.599030 4.91333881e-05 
23783.679950 4.86718900e-05 
23799.760870 4.82208549e-05 
23815.841790 4.78496439e-05 
23831.922710 4.74758321e-05 
23848.003620 4.71516689e-05 
23864.084540 4.68792001e-05 
23880.165460 4.66867973e-05 
23896.246380 4.64733797e-05 
23912.327300 4.62983444e-05 
23928.408220 4.61654449e-05 
23944.489140 4.60970303e-05 
23960.570060 4.60755588e-05 
23976.650980 4.60647645e-05 
23992.731900 4.60917117e-05 
24008.812820 4.61103457e-05 
24024.893740 4.61017064e-05 
24040.974660 4.60640448e-05 
24057.055580 4.59437657e-05 
24073.136500 4.57330665e-05 
24089.217420 4.54410685e-05 
24105.298340 4.51488656e-05 
24121.379260 4.48567641e-05 
24137.460180 4.45994437e-05 
24153.541100 4.44204813e-05 
24169.622010 4.43185689e-05 
24185.702930 4.43111852e-05 
24201.783850 4.43805334e-05 
24217.864770 4.45688566e-05 
24233.945690 4.46939555e-05 
24250.026610 4.47556062e-05 
24266.107530 4.47562042e-05 
24282.188450 4.46575450e-05 
24298.269370 4.44601806e-05 
24314.350290 4.41963380e-05 
24330.431210 4.39594268e-05 
24346.512130 4.37493550e-05 
24362.593050 4.35983467e-05 
24378.673970 4.35333225e-05 
24394.754890 4.35567393e-05 
24410.835810 4.36840977e-05 
24426.916730 4.39134175e-05 
24442.997650 4.42417367e-05 
24459.078570 4.45768522e-05 
24475.159490 4.48545273e-05 
24491.240400 4.50989269e-05 
24507.321320 4.52774465e-05 
24523.402240 4.53788561e-05 
24539.483160 4.54016739e-05 
24555.564080 4.53775714e-05 
24571.645000 4.53273209e-05 
24587.725920 4.52695917e-05 
24603.806840 4.52367072e-05 
24619.887760 4.52243572e-05 
24635.968680 4.52565515e-05 
24652.049600 4.53763665e-05 
24668.130520 4.55939122e-05 
24684.211440 4.58867567e-05 
24700.292360 4.62549320e-05 
24716.373280 4.67150982e-05 
24732.454200 4.72721748e-05 
24748.535120 4.79302394e-05 
24764.616040 4.86189689e-05 
24780.696960 4.93605597e-05 
24796.777880 5.00509011e-05 
24812.858790 5.06332153e-05 
24828.939710 5.11021459e-05 
24845.020630 5.14369394e-05 
24861.101550 5.15999107e-05 
24877.182470 5.16079015e-05 
24893.263390 5.14371533e-05 
24909.344310 5.11116709e-05 
24925.425230 5.07297107e-05 
24941.506150 9.73266773e-04 
24957.587070 1.01510675e-03 
24973.667990 1.05589636e-03 
24989.748910 1.09536445e-03 
24997.781620 1.13411002e-03 
25011.293930 1.17146299e-03 
25024.806240 1.20771914e-03 
25038.318560 1.24251544e-03 
25051.830870 3.51853054e-04 
25065.343190 3.41181130e-04 
25078.855500 3.30495735e-04 
25092.367820 3.19995627e-04 
25105.880130 3.08196702e-04 
25119.392440 2.96628160e-04 
25132.904760 2.84544928e-04 
25146.417070 2.72588888e-04 
25159.929390 2.61095075e-04 
25173.441700 2.49721162e-04 
25186.954020 2.37758106e-04 
25200.466330 2.25367992e-04 
25213.978650 2.13927370e-04 
25227.490960 2.02386559e-04 
25241.003270 1.90823279e-04 
25254.515590 1.79421910e-04 
25268.027900 1.67651180e-04 
25281.540220 1.56238036e-04 
25295.052530 1.45689340e-04 
25308.564850 1.35666220e-04 
25322.077160 1.25663566e-04 
25335.589480 1.15992368e-04 
25349.101790 1.06668360e-04 
25362.614100 9.78042477e-05 
25376.126420 8.95890967e-05 
25389.638730 8.16725829e-05 
25403.151050 7.39846565e-05 
25416.663360 6.71806611e-05 
25430.175680 6.05872766e-05 
25443.687990 5.43710676e-05 
25457.200300 4.86477215e-05 
25470.712620 4.36736619e-05 
25484.224930 3.91196555e-05 
25497.737250 3.50948930e-05 
25511.249560 3.09815498e-05 
25524.761880 2.69766471e-05 
25538.274190 2.40178918e-05 
25551.786510 2.13563082e-05 
25565.298820 1.94549565e-05 
25578.811130 1.65932557e-05 
25592.323450 1.42213207e-05 
25605.835760 1.24981493e-05 
25619.348080 1.14535696e-05 
25632.860390 1.01070990e-05 
25646.372710 8.74325007e-06 
25659.885020 7.57457520e-06 
25673.397330 6.36045053e-06 
25686.909650 6.02477033e-06 
25700.421960 5.61560122e-06 
25713.934280 4.84538241e-06 
25727.446590 4.36064243e-06 
25740.958910 4.08856600e-06 
25754.471220 3.80675279e-06 
25767.983540 3.44134021e-06 
25781.495850 3.24641224e-06 
25795.008160 3.01329081e-06 
25808.520480 2.88466185e-06 
25822.032790 3.06826835e-06 
25835.545110 2.87617596e-06 
25849.057420 2.74994946e-06 
25862.569740 2.59974217e-06 
25876.082050 2.59969598e-06 
25889.594370 2.36809523e-06 
25903.106680 2.39525046e-06 
25916.618990 2.53257282e-06 
25930.131310 2.40512988e-06 
25943.643620 2.23620434e-06 
25957.155940 2.05590054e-06 
25970.668250 1.77174374e-06 
25984.180570 1.59645951e-06 
25997.692880 1.54607875e-06 
26011.205190 1.70533126e-06 
26024.717510 1.76751785e-06 
26038.229820 1.69877161e-06 
26051.742140 2.07481127e-06 
26065.254450 2.30018971e-06 
26078.766770 2.42543539e-06 
26092.279080 2.53905212e-06 
26105.791400 2.74594689e-06 
26119.303710 2.67559294e-06 
26132.816020 2.31649908e-06 
26146.328340 2.22659834e-06 
26159.840650 1.75019475e-06 
26173.352970 1.66214367e-06 
26186.865280 1.59615282e-06 
26200.377600 1.49949467e-06 
26213.889910 1.50577074e-06 
26227.402220 1.35988258e-06 
26240.914540 1.28601739e-06 
26254.426850 1.28971718e-06 
26267.939170 1.55861321e-06 
26281.451480 1.52308153e-06 
26294.963800 1.50990000e-06 
26308.476110 1.65254139e-06 
26321.988430 1.63938712e-06 
26335.500740 1.82213329e-06 
26349.013050 1.97651696e-06 
26362.525370 1.81575400e-06 
26376.037680 1.61951949e-06 
26389.550000 1.85824609e-06 
26403.062310 1.89258358e-06 
26416.574630 1.66546881e-06 
26430.086940 1.64883103e-06 
26443.599250 1.53421816e-06 
26457.111570 1.48953342e-06 
26470.623880 1.65577645e-06 
26484.136200 1.75758162e-06 
26497.648510 1.68081677e-06 
26511.160830 1.67468829e-06 
26524.673140 1.68523334e-06 
26538.185460 1.70308798e-06 
26551.697770 1.87250448e-06 
26565.210080 1.99322092e-06 
26578.722400 2.20847322e-06 
26592.234710 2.21697047e-06 
26605.747030 2.27232256e-06 
26619.259340 2.72173528e-06 
26632.771660 3.30624244e-06 
26646.283970 3.41594405e-06 
26659.796290 3.02860079e-06 
26673.308600 2.88517494e-06 
26686.820910 2.48304627e-06 
26700.333230 2.22865794e-06 
26713.845540 2.04818556e-06 
26727.357860 2.06124765e-06 
26740.870170 1.51114700e-06 
26754.382490 1.14216134e-06 
26767.894800 1.10699579e-06 
26781.407110 1.12897968e-06 
26794.919430 1.40577858e-06 
26808.431740 1.66159441e-06 
26821.944060 1.64744324e-06 
26835.456370 1.07741188e-06 
26848.968690 1.03700956e-06 
26862.481000 1.09262033e-06 
26875.993320 1.20482021e-06 
26889.505630 1.22265801e-06 
26903.017940 1.02315539e-06 
26916.530260 8.06719498e-07 
26930.042570 6.37098654e-07 
26943.554890 6.32956247e-07 
26957.067200 7.95099887e-07 
26970.579520 9.20382820e-07 
26984.091830 9.21111293e-07 
26997.604140 7.99779680e-07 
27011.116460 8.80688278e-07 
27024.628770 1.09550663e-06 
27038.141090 1.45053088e-06 
27051.653400 1.58925404e-06 
27065.165720 1.48452348e-06 
27078.678030 1.50908715e-06 
27092.190350 1.51959829e-06 
27105.702660 1.65588737e-06 
27119.214970 1.68445254e-06 
27132.727290 1.43033384e-06 
27146.239600 1.14968504e-06 
27159.751920 1.00586135e-06 
27173.264230 9.70590427e-07 
27186.776550 8.19363743e-07 
27200.288860 9.68435200e-07 
27213.801170 9.77953687e-07 
27227.313490 8.62234731e-07 
27240.825800 1.00917933e-06 
27254.338120 1.14815258e-06 
27267.850430 1.31879698e-06 
27281.362750 1.40970135e-06 
27294.875060 1.52909324e-06 
27308.387380 1.36421035e-06 
27321.899690 1.22828042e-06 
27335.412000 1.16670293e-06 
27348.924320 1.36348007e-06 
27362.436630 1.29606651e-06 
27375.948950 1.24730124e-06 
27389.461260 1.19015678e-06 
27402.973580 1.13938870e-06 
27416.485890 1.16767360e-06 
27429.998210 1.37608139e-06 
27443.510520 1.76239160e-06 
27457.022830 1.46422081e-06 
27470.535150 1.40271213e-06 
27484.047460 1.32777451e-06 
27497.559780 1.27252449e-06 
27511.072090 1.24606051e-06 
27524.584410 1.24758657e-06 
27538.096720 1.07256749e-06 
27551.609030 8.36571843e-07 
27565.121350 8.05007486e-07 
27578.633660 8.05789920e-07 
27592.145980 7.23402699e-07 
27605.658290 7.12266901e-07 
27619.170610 7.23850900e-07 
27632.682920 7.45197507e-07 
27646.195240 8.75538035e-07 
27659.707550 9.18577809e-07 
27673.219860 1.08427433e-06 
27686.732180 1.04184834e-06 
27700.244490 1.24688627e-06 
27713.756810 1.52799069e-06 
27727.269120 1.59272483e-06 
27740.781440 1.63375730e-06 
27754.293750 1.45551200e-06 
27767.806060 1.24616669e-06 
27781.318380 1.15526969e-06 
27794.830690 1.37414392e-06 
27808.343010 1.40812485e-06 
27821.855320 1.17893513e-06 
27835.367640 1.03298921e-06 
27848.879950 1.04180090e-06 
27862.392270 1.29867056e-06 
27875.904580 1.55062022e-06 
27889.416890 1.49042484e-06 
27902.929210 1.24533436e-06 
27916.441520 1.09085746e-06 
27929.953840 1.12508294e-06 
27943.466150 1.09065551e-06 
27956.978470 8.74084342e-07 
27970.490780 6.11500080e-07 
27984.003090 7.09486909e-07 
27997.515410 8.64796531e-07 
28011.027720 9.74665155e-07 
28024.540040 1.07258634e-06 
28038.052350 1.11498956e-06 
28051.564670 1.19463323e-06 
28065.076980 1.27828774e-06 
28078.589300 1.41360209e-06 
28092.101610 1.28842322e-06 
28105.613920 1.29098960e-06 
28119.126240 1.38673064e-06 
28132.638550 1.47371137e-06 
28146.150870 1.47035544e-06 
28159.663180 1.54028499e-06 
28173.175500 1.68141479e-06 
28186.687810 1.50624327e-06 
28200.200130 1.33665426e-06 
28213.712440 1.30710471e-06 
28227.224750 1.24121260e-06 
28240.737070 9.67250992e-07 
28254.249380 9.31177477e-07 
28267.761700 9.75591147e-07 
28281.274010 7.88286723e-07 
28294.786330 8.57516846e-07 
28308.298640 8.47846000e-07 
28321.810950 6.63577651e-07 
28335.323270 7.60587793e-07 
28348.835580 8.68807169e-07 
28362.347900 7.44557268e-07 
28375.860210 5.46547968e-07 
28389.372530 5.44060613e-07 
28402.884840 5.29140278e-07 
28416.397160 5.73099873e-07 
28429.909470 7.61471751e-07 
28443.421780 5.71631924e-07 
28456.934100 5.55549251e-07 
28470.446410 7.37656273e-07 
28483.958730 9.53799623e-07 
28497.471040 1.06130780e-06 
28510.983360 1.07926306e-06 
28524.495670 9.87880077e-07 
28538.007980 8.04101537e-07 
28551.520300 8.28816947e-07 
28565.032610 7.58840061e-07 
28578.544930 6.42357936e-07 
28592.057240 4.60753909e-07 
28605.569560 3.55613249e-07 
28619.081870 2.79706963e-07 
28632.594190 3.42265575e-07 
28646.106500 4.18595726e-07 
28659.618810 4.56211542e-07 
28673.131130 5.68793302e-07 
28686.643440 7.40480733e-07 
28700.155760 8.50070564e-07 
28713.668070 9.67894098e-07 
28727.180390 1.06967888e-06 
28740.692700 1.00736879e-06 
28754.205010 9.25870083e-07 
28767.717330 8.59361377e-07 
28781.229640 8.32519383e-07 
28794.741960 6.95232326e-07 
28808.254270 6.46439451e-07 
28821.766590 6.47458363e-07 
28835.278900 7.03793664e-07 
28848.791220 7.11563248e-07 
28862.303530 7.68608663e-07 
28875.815840 7.26675562e-07 
28889.328160 6.16944845e-07 
28902.840470 5.59839397e-07 
28916.352790 4.87319187e-07 
28929.865100 4.24450543e-07 
28943.377420 3.08384850e-07 
28956.889730 2.99642583e-07 
28970.402050 2.52461320e-07 
28983.914360 2.90758085e-07 
28997.426670 3.09970650e-07 
29010.938990 2.57706090e-07 
29024.451300 2.35694781e-07 
29037.963620 1.65806509e-07 
29051.475930 2.98878681e-07 
29064.988250 5.01015607e-07 
29078.500560 7.35370436e-07 
29092.012870 8.28168368e-07 
29105.525190 8.04510735e-07 
29119.037500 8.03444496e-07 
29132.549820 8.02776924e-07 
29146.062130 7.78613271e-07 
29159.574450 8.41606558e-07 
29173.086760 8.98310987e-07 
29186.599080 9.00372097e-07 
29200.111390 8.80214345e-07 
29213.623700 1.00006141e-06 
29227.136020 1.27011658e-06 
29240.648330 1.36556891e-06 
29254.160650 1.52384312e-06 
29267.672960 1.44546726e-06 
29281.185280 1.34126126e-06 
29294.697590 1.29198659e-06 
29308.209900 1.31360827e-06 
29321.722220 1.40663424e-06 
29335.234530 1.25105842e-06 
29348.746850 1.38079806e-06 
29362.259160 1.52714927e-06 
29375.771480 1.55340789e-06 
29389.283790 1.44391828e-06 
29402.796110 1.37838439e-06 
29416.308420 1.38925730e-06 
29429.820730 1.27248972e-06 
29443.333050 1.28976685e-06 
29456.845360 1.23048405e-06 
29470.357680 1.23453208e-06 
29483.869990 1.29222763e-06 
29497.382310 1.42002319e-06 
29510.894620 1.38094580e-06 
29524.406940 1.28865488e-06 
29537.919250 1.30994627e-06 
29551.431560 1.32226633e-06 
29564.943880 1.39403820e-06 
29578.456190 1.37128855e-06 
29591.968510 1.35068837e-06 
29605.480820 1.28585056e-06 
29618.993140 1.30590235e-06 
29632.505450 1.33302497e-06 
29646.017760 1.30301864e-06 
29659.530080 1.22462086e-06 
29673.042390 1.15734434e-06 
29686.554710 1.05451225e-06 
29700.067020 1.01932602e-06 
29713.579340 1.10803288e-06 
29727.091650 1.20434377e-06 
29740.603970 1.39339093e-06 
29754.116280 1.44279535e-06 
29767.628590 1.46628706e-06 
29781.140910 1.47590423e-06 
29794.653220 1.41647813e-06 
29808.165540 1.34703480e-06 
29821.677850 1.26042623e-06 
29835.190170 1.20195004e-06 
29848.702480 9.82561449e-07 
29862.214790 8.99398528e-07 
29875.727110 1.00427134e-06 
29889.239420 1.05507346e-06 
29902.751740 9.65033102e-07 
29916.264050 1.03176854e-06 
29929.776370 1.14553959e-06 
29943.288680 1.24337852e-06 
29956.801000 1.35041064e-06 
29970.313310 1.34719797e-06 
29983.825620 1.17811795e-06 
29997.337940 1.02259315e-06 
30010.850250 1.15685625e-06 
30024.362570 1.20504839e-06 
30037.874880 1.19242078e-06 
30051.387200 9.65498824e-07 
30064.899510 7.97289722e-07 
30078.411820 7.73768212e-07 
30091.924140 8.59395241e-07 
30105.436450 9.55976527e-07 
30118.948770 9.28531501e-07 
30132.461080 8.73180412e-07 
30145.973400 8.56624709e-07 
30159.485710 9.28465854e-07 
30172.998030 9.60005627e-07 
30186.510340 9.78728787e-07 
30200.022650 9.84903593e-07 
30213.534970 9.74237003e-07 
30227.047280 1.02704546e-06 
30240.559600 9.64365334e-07 
30254.071910 8.73178281e-07 
30267.584230 9.30213173e-07 
30281.096540 1.06658075e-06 
30294.608860 1.25879459e-06 
30308.121170 1.31075566e-06 
30321.633480 1.29697342e-06 
30335.145800 1.14220069e-06 
30348.658110 1.11763226e-06 
30362.170430 1.21811998e-06 
30375.682740 1.19526553e-06 
30389.195060 1.21548819e-06 
30402.707370 1.10266597e-06 
30416.219680 1.10149730e-06 
30429.732000 1.28588755e-06 
30443.244310 1.55913166e-06 
30456.756630 1.81883445e-06 
30470.268940 1.88945913e-06 
30483.781260 1.95741396e-06 
30497.293570 1.95900345e-06 
30510.805890 2.07656059e-06 
30524.318200 2.19262443e-06 
30537.830510 2.21335469e-06 
30551.342830 2.13492291e-06 
30564.855140 1.90345514e-06 
30578.367460 1.80825417e-06 
30591.879770 1.82325577e-06 
30605.392090 1.87732127e-06 
30618.904400 1.91939743e-06 
30632.416710 1.97960083e-06 
30645.929030 1.85236481e-06 
30659.441340 1.69063608e-06 
30672.953660 1.66323435e-06 
30686.465970 1.63014722e-06 
30699.978290 1.63481052e-06 
30713.490600 1.47187562e-06 
30727.002920 1.32390295e-06 
30740.515230 1.21611309e-06 
30754.027540 1.20492559e-06 
30767.539860 1.32248058e-06 
30781.052170 1.45214069e-06 
30794.564490 1.42548988e-06 
30808.076800 1.35672227e-06 
30821.589120 1.34235275e-06 
30835.101430 1.27986435e-06 
30848.613740 1.18509572e-06 
30862.126060 1.06324398e-06 
30875.638370 1.01104179e-06 
30889.150690 9.85027395e-07 
30902.663000 1.30010941e-06 
30916.175320 1.59655265e-06 
30929.687630 1.83136980e-06 
30943.199950 2.06565142e-06 
30956.712260 2.14912391e-06 
30970.224570 2.24976046e-06 
30983.736890 2.24599101e-06 
30997.249200 2.26964443e-06 
31010.761520 1.98993763e-06 
31024.273830 1.68318463e-06 
31037.786150 1.50085084e-06 
31051.298460 1.35208085e-06 
31064.810780 1.42633368e-06 
31078.323090 1.41259458e-06 
31091.835400 1.41385036e-06 
31105.347720 1.37939838e-06 
31118.860030 1.44521725e-06 
31132.372350 1.48765886e-06 
31145.884660 1.42105351e-06 
31159.396980 1.35660717e-06 
31172.909290 1.23507596e-06 
31186.421600 1.30232811e-06 
31199.933920 1.45927325e-06 
31213.446230 1.58251961e-06 
31226.958550 1.76783734e-06 
31240.470860 2.05492670e-06 
31253.983180 2.40357224e-06 
31267.495490 2.81105753e-06 
31281.007810 3.16946965e-06 
31294.520120 3.36921382e-06 
31308.032430 3.49169020e-06 
31321.544750 3.61459469e-06 
31335.057060 3.68215830e-06 
31348.569380 3.76110729e-06 
31362.081690 3.81478647e-06 
31375.594010 3.85439488e-06 
31389.106320 3.97883958e-06 
31402.618630 4.17298917e-06 
31416.130950 4.29801869e-06 
31429.643260 4.60673176e-06 
31443.155580 4.71331794e-06 
31456.667890 4.69126524e-06 
31470.180210 4.85569901e-06 
31483.692520 4.93271767e-06 
31497.204840 4.60325963e-06 
31510.717150 4.45878346e-06 
31524.229460 4.71432575e-06 
31537.741780 4.73248700e-06 
31551.254090 4.54890201e-06 
31564.766410 4.37286144e-06 
31578.278720 4.12549410e-06 
31591.791040 3.90011328e-06 
31605.303350 4.03183065e-06 
31618.815660 4.02767883e-06 
31632.327980 3.54016835e-06 
31645.840290 2.93093032e-06 
31659.352610 2.71923364e-06 
31672.864920 2.50403657e-06 
31686.377240 2.26789960e-06 
31699.889550 2.01351218e-06 
31713.401870 1.67755408e-06 
31726.914180 1.31048248e-06 
31740.426490 1.11509829e-06 
31753.938810 9.70447796e-07 
31767.451120 7.83861113e-07 
31780.963440 6.52065110e-07 
31794.475750 5.06132732e-07 
31807.988070 4.10148922e-07 
31821.500380 3.82500655e-07 
31835.012700 2.64181912e-07 
31848.525010 1.55257135e-07 
31862.037320 2.29523425e-07 
31875.549640 4.50850136e-07 
31889.061950 6.39618165e-07 
31902.574270 8.20806930e-07 
31916.086580 1.00147685e-06 
31929.598900 1.21365978e-06 
31943.111210 1.41927339e-06 
31956.623520 1.56908920e-06 
31970.135840 1.71144567e-06 
31983.648150 1.83740367e-06 
31997.160470 1.99392203e-06 
32010.672780 2.02805925e-06 
32024.185100 2.09904603e-06 
32037.697410 2.17603458e-06 
32051.209730 2.49055265e-06 
32064.722040 2.66235264e-06 
32078.234350 2.70061700e-06 
32091.746670 2.64022204e-06 
32105.258980 2.50610079e-06 
32118.771300 2.44120577e-06 
32132.283610 2.47064692e-06 
32145.795930 2.45146480e-06 
32159.308240 2.23795528e-06 
32172.820550 2.24404858e-06 
32186.332870 2.30258233e-06 
32199.845180 2.21494451e-06 
32213.357500 2.18823905e-06 
32226.869810 2.27225370e-06 
32240.382130 2.09350605e-06 
32253.894440 1.93533604e-06 
32267.406760 1.88541405e-06 
32280.919070 1.76652827e-06 
32294.431380 1.61484886e-06 
32307.943700 1.64821598e-06 
32321.456010 1.66433367e-06 
32334.968330 1.58778333e-06 
32348.480640 1.70205696e-06 
32361.992960 1.74809155e-06 
32375.505270 1.68516825e-06 
32389.017590 1.79935964e-06 
32402.529900 2.02980435e-06 
32416.042210 2.12788303e-06 
32429.554530 2.43341201e-06 
32443.066840 2.81644561e-06 
32456.579160 3.03690009e-06 
32470.091470 3.14273864e-06 
32483.603790 3.31156398e-06 
32497.116100 3.48248705e-06 
32510.628410 3.49557968e-06 
32524.140730 3.56645020e-06 
32537.653040 3.58184126e-06 
32551.165360 3.45221904e-06 
32564.677670 3.16147802e-06 
32578.189990 2.95953909e-06 
32591.702300 2.91461555e-06 
32605.214620 3.11841090e-06 
32618.726930 3.53533014e-06 
32632.239240 3.83902351e-06 
32645.751560 3.82081406e-06 
32659.263870 3.88593212e-06 
32672.776190 4.05690478e-06 
32686.288500 4.30051767e-06 
32699.800820 4.46100299e-06 
32713.313130 4.30403781e-06 
32726.825440 4.02693089e-06 
32740.337760 3.62659737e-06 
32753.850070 3.52625091e-06 
32767.362390 3.71038022e-06 
32780.874700 4.05974909e-06 
32794.387020 4.14169166e-06 
32807.899330 4.12933625e-06 
32821.411650 4.05175904e-06 
32834.923960 4.13384378e-06 
32848.436270 4.39615984e-06 
32861.948590 4.29289777e-06 
32875.460900 3.99311164e-06 
32888.973220 3.76763665e-06 
32902.485530 3.71766960e-06 
32915.997850 3.56387474e-06 
32929.510160 3.56189433e-06 
32943.022470 3.29564617e-06 
32956.534790 2.92322120e-06 
32970.047100 2.81971442e-06 
32983.559420 2.70663701e-06 
32997.071730 2.65168132e-06 
33010.584050 2.60902294e-06 
33024.096360 2.67006576e-06 
33037.608680 2.42521350e-06 
33051.120990 2.45042940e-06 
33064.633300 2.67423772e-06 
33078.145620 2.90237030e-06 
33091.657930 3.17879861e-06 
33105.170250 3.27372643e-06 
33118.682560 3.34295622e-06 
33132.194880 3.32618700e-06 
33145.707190 3.45219244e-06 
33159.219510 3.37457261e-06 
33172.731820 3.27572665e-06 
33186.244130 3.17866959e-06 
33199.756450 2.95061198e-06 
33213.268760 2.63196469e-06 
33226.781080 2.31288163e-06 
33240.293390 2.26459602e-06 
33253.805710 2.28594657e-06 
33267.318020 2.18757315e-06 
33280.830330 2.02970749e-06 
33294.342650 2.02049209e-06 
33307.854960 2.16963596e-06 
33321.367280 2.38091034e-06 
33334.879590 2.78999469e-06 
33348.391910 3.12933156e-06 
33361.904220 3.30920590e-06 
33375.416540 3.46225539e-06 
33388.928850 3.56133278e-06 
33402.441160 3.68036522e-06 
33415.953480 3.74683141e-06 
33429.465790 3.77062322e-06 
33442.978110 3.57192305e-06 
33456.490420 3.30317411e-06 
33470.002740 3.18904276e-06 
33483.515050 3.37661463e-06 
33497.027360 3.69575033e-06 
33510.539680 3.71274133e-06 
33524.051990 3.57809623e-06 
33537.564310 3.64961098e-06 
33551.076620 3.88392377e-06 
33564.588940 4.14709973e-06 
33578.101250 4.50176093e-06 
33591.613570 4.61944610e-06 
33605.125880 4.73620451e-06 
33618.638190 4.97961913e-06 
33632.150510 5.17642452e-06 
33645.662820 5.27181427e-06 
33659.175140 5.36141919e-06 
33672.687450 5.38569513e-06 
33686.199770 5.23489653e-06 
33699.712080 5.35058420e-06 
33713.224390 5.62590038e-06 
33726.736710 6.05425667e-06 
33740.249020 6.39322305e-06 
33753.761340 6.36808202e-06 
33767.273650 6.30065440e-06 
33780.785970 6.39298148e-06 
33794.298280 6.64528682e-06 
33807.810600 6.69676609e-06 
33821.322910 6.63619978e-06 
33834.835220 6.50923900e-06 
33848.347540 6.40440416e-06 
33861.859850 6.74213001e-06 
33875.372170 7.16169027e-06 
33888.884480 7.51799902e-06 
33902.396800 7.62262856e-06 
33915.909110 7.58415801e-06 
33929.421430 7.62118693e-06 
33942.933740 7.66600643e-06 
33956.446050 7.89770870e-06 
33969.958370 7.91504756e-06 
33983.470680 7.86487982e-06 
33996.983000 7.79023231e-06 
34010.495310 7.71921107e-06 
34024.007630 7.96724609e-06 
34037.519940 8.18657659e-06 
34051.032250 8.30204602e-06 
34064.544570 8.32311376e-06 
34078.056880 8.35637666e-06 
34091.569200 8.40638041e-06 
34105.081510 8.30588673e-06 
34118.593830 8.30688305e-06 
34132.106140 8.08291855e-06 
34145.618460 7.78617128e-06 
34159.130770 7.45547740e-06 
34172.643080 7.19328350e-06 
34186.155400 7.23303843e-06 
34199.667710 7.17885199e-06 
34213.180030 7.05925920e-06 
34226.692340 6.69117552e-06 
34240.204660 6.38134623e-06 
34253.716970 6.31563853e-06 
34267.229280 6.55997676e-06 
34280.741600 6.81060758e-06 
34294.253910 6.73712766e-06 
34307.766230 6.52807446e-06 
34321.278540 6.52019929e-06 
34334.790860 6.92339954e-06 
34348.303170 7.42935212e-06 
34361.815490 7.56864520e-06 
34375.327800 7.50159322e-06 
34388.840110 7.54466999e-06 
34402.352430 7.58397510e-06 
34415.864740 7.70028141e-06 
34429.377060 7.58324777e-06 
34442.889370 7.21528281e-06 
34456.401690 6.76003493e-06 
34469.914000 6.35718797e-06 
34483.426310 5.88865598e-06 
34496.938630 5.42040282e-06 
34510.450940 5.21152004e-06 
34523.963260 5.05238055e-06 
34537.475570 5.02386193e-06 
34550.987890 5.20296241e-06 
34564.500200 5.48211485e-06 
34578.012520 5.82911310e-06 
34591.524830 6.11120500e-06 
34605.037140 6.31774428e-06 
34618.549460 6.61885621e-06 
34632.061770 6.78834189e-06 
34645.574090 6.83770752e-06 
34659.086400 6.61637646e-06 
34672.598720 6.39461185e-06 
34686.111030 6.24222930e-06 
34699.623350 6.08843408e-06 
34713.135660 5.84445130e-06 
34726.647970 5.39918435e-06 
34740.160290 5.45694601e-06 
34753.672600 5.71507530e-06 
34767.184920 5.91582710e-06 
34780.697230 5.90610730e-06 
34794.209550 5.76088937e-06 
34807.721860 5.83920151e-06 
34821.234170 6.08787208e-06 
34834.746490 6.20464624e-06 
34848.258800 6.21201339e-06 
34861.771120 6.27502671e-06 
34875.283430 6.49724063e-06 
34888.795750 6.69189617e-06 
34902.308060 6.79935934e-06 
34915.820380 6.92268974e-06 
34929.332690 7.07821324e-06 
34942.845000 7.16656256e-06 
34956.357320 6.65821364e-06 
34969.869630 6.00569861e-06 
34983.381950 5.50054647e-06 
34996.894260 5.32037748e-06 
35010.406580 5.24018150e-06 
35023.918890 5.06547181e-06 
35037.431200 4.81717463e-06 
35050.943520 4.79825780e-06 
35064.455830 4.94188132e-06 
35077.968150 5.38806189e-06 
35091.480460 5.79385859e-06 
35104.992780 5.84611342e-06 
35118.505090 5.66042901e-06 
35132.017410 5.39758748e-06 
35145.529720 5.10409505e-06 
35159.042030 4.78389580e-06 
35172.554350 4.74457448e-06 
35186.066660 4.81743664e-06 
35199.578980 4.93625328e-06 
35213.091290 5.05095933e-06 
35226.603610 5.40754600e-06 
35240.115920 5.73404561e-06 
35253.628240 5.94907625e-06 
35267.140550 6.07770346e-06 
35280.652860 6.27469068e-06 
35294.165180 6.28854479e-06 
35307.677490 6.10450776e-06 
35321.189810 6.15021562e-06 
35334.702120 6.25638781e-06 
35348.214440 6.29475607e-06 
35361.726750 6.33382350e-06 
35375.239060 6.43513756e-06 
35388.751380 6.55108036e-06 
35402.263690 6.69830298e-06 
35415.776010 6.93706408e-06 
35429.288320 6.96834651e-06 
35442.800640 6.88738624e-06 
35456.312950 6.94861932e-06 
35469.825270 7.15601459e-06 
35483.337580 7.35743422e-06 
35496.849890 7.54806194e-06 
35510.362210 7.58504743e-06 
35523.874520 7.49037996e-06 
35537.386840 7.49157630e-06 
35550.899150 7.65409728e-06 
35564.411470 7.88334307e-06 
35577.923780 8.04982687e-06 
35591.436090 8.16570434e-06 
35604.948410 8.35719805e-06 
35618.460720 8.54484995e-06 
35631.973040 8.72738911e-06 
35645.485350 8.88979886e-06 
35658.997670 9.01607465e-06 
35672.509980 9.26557240e-06 
35686.022300 9.69255435e-06 
35699.534610 1.01941255e-05 
35713.046920 1.05729958e-05 
35726.559240 1.08602111e-05 
35740.071550 1.12588163e-05 
35753.583870 1.16865212e-05 
35767.096180 1.19264687e-05 
35780.608500 1.20227262e-05 
35794.120810 1.20480477e-05 
35807.633120 1.20084211e-05 
35821.145440 1.19391397e-05 
35834.657750 1.20221917e-05 
35848.170070 1.21326493e-05 
35861.682380 1.21379710e-05 
35875.194700 1.22373271e-05 
35888.707010 1.24051299e-05 
35902.219330 1.24688824e-05 
35915.731640 1.26041407e-05 
35929.243950 1.29380062e-05 
35942.756270 1.31654050e-05 
35956.268580 1.32242277e-05 
35969.780900 1.33417983e-05 
35983.293210 1.35878531e-05 
35996.805530 1.38192050e-05 
36010.317840 1.39810103e-05 
36023.830160 1.39218149e-05 
36037.342470 1.36902179e-05 
36050.854780 1.36117818e-05 
36064.367100 1.37677119e-05 
36077.879410 1.39492727e-05 
36091.391730 1.40640224e-05 
36104.904040 1.41231508e-05 
36118.416360 1.43255252e-05 
36131.928670 1.49350635e-05 
36145.440980 1.55605289e-05 
36158.953300 1.58187297e-05 
36172.465610 1.59847387e-05 
36185.977930 1.61852998e-05 
36199.490240 1.63981481e-05 
36213.002560 1.66550775e-05 
36226.514870 1.69491514e-05 
36240.027190 1.69451743e-05 
36253.539500 1.69757996e-05 
36267.051810 1.72776347e-05 
36280.564130 1.76770166e-05 
36294.076440 1.80511911e-05 
36307.588760 1.82608769e-05 
36321.101070 1.83190266e-05 
36334.613390 1.84017031e-05 
36348.125700 1.86845016e-05 
36361.638010 1.91227953e-05 
36375.150330 1.97162742e-05 
36388.662640 2.01977623e-05 
36402.174960 2.05784463e-05 
36415.687270 2.10971768e-05 
36429.199590 2.18619688e-05 
36442.711900 2.26419215e-05 
36456.224220 2.32229142e-05 
36469.736530 2.36251547e-05 
36483.248840 2.38509087e-05 
36496.761160 2.40190384e-05 
36510.273470 2.43631140e-05 
36523.785790 2.47042499e-05 
36537.298100 2.47541358e-05 
36550.810420 2.46709479e-05 
36564.322730 2.46773991e-05 
36577.835040 2.47138500e-05 
36591.347360 2.49662934e-05 
36604.859670 2.54144550e-05 
36618.371990 2.58254368e-05 
36631.884300 2.63206803e-05 
36645.396620 2.68780116e-05 
36658.908930 2.75805753e-05 
36672.421250 2.84545750e-05 
36685.933560 2.92457103e-05 
36699.445870 2.98332625e-05 
36712.958190 3.04024000e-05 
36726.470500 3.11897387e-05 
36739.982820 3.21653917e-05 
36753.495130 3.31907969e-05 
36767.007450 3.42612266e-05 
36780.519760 3.54048116e-05 
36794.032080 3.65881521e-05 
36807.544390 3.79519651e-05 
36821.056700 3.92092096e-05 
36834.569020 3.99959711e-05 
36848.081330 4.07227687e-05 
36861.593650 4.16470468e-05 
36875.105960 4.26034904e-05 
36888.618280 4.37660640e-05 
36902.130590 4.51855814e-05 
36915.642900 4.67403196e-05 
36929.155220 4.87857906e-05 
36942.667530 5.13225978e-05 
36956.179850 5.40559200e-05 
36969.692160 5.72251802e-05 
36983.204480 6.04980744e-05 
36996.716790 6.35903574e-05 
37010.229110 6.67129194e-05 
37023.741420 6.99402545e-05 
37037.253730 7.35206121e-05 
37050.766050 7.73443804e-05 
37064.278360 8.10575640e-05 
37077.790680 8.47884029e-05 
37091.302990 8.90702570e-05 
37104.815310 9.40077263e-05 
37118.327620 9.94010641e-05 
37131.839930 1.05078535e-04 
37145.352250 1.11043102e-04 
37158.864560 1.17880688e-04 
37172.376880 1.25669465e-04 
37185.889190 1.34103188e-04 
37199.401510 1.42806549e-04 
37212.913820 1.51869986e-04 
37226.426140 1.62043038e-04 
37239.938450 1.73401649e-04 
37253.450760 1.85177929e-04 
37266.963080 1.97201144e-04 
37280.475390 2.09706262e-04 
37293.987710 2.23089566e-04 
37307.500020 2.38073964e-04 
37321.012340 2.54511165e-04 
37334.524650 2.71741324e-04 
37348.036960 2.89914103e-04 
37361.549280 3.09707143e-04 
37375.061590 3.30672688e-04 
37388.573910 3.53333995e-04 
37402.086220 3.77172775e-04 
37415.598540 4.02053029e-04 
37429.110850 4.27952090e-04 
37442.623170 4.55329805e-04 
37456.135480 4.84329407e-04 
37469.647790 5.15272951e-04 
37483.160110 5.47962625e-04 
37496.672420 5.82707537e-04 
37510.184740 6.20141941e-04 
37523.697050 6.59978643e-04 
37537.209370 7.01959494e-04 
37550.721680 7.46257393e-04 
37564.234000 7.92952472e-04 
37577.746310 8.42476324e-04 
37591.258620 8.95014846e-04 
37604.770940 9.50179294e-04 
37618.283250 1.00817297e-03 
37631.795570 1.06940567e-03 
37645.307880 1.13391152e-03 
37658.820200 1.20197688e-03 
37672.332510 1.27371746e-03 
37685.844820 1.34910187e-03 
37699.357140 1.42861546e-03 
37712.869450 1.51232565e-03 
37726.381770 1.60000157e-03 
37739.894080 1.69211046e-03 
37753.406400 1.78899729e-03 
37766.918710 1.89224488e-03 
37780.431030 2.00022117e-03 
37793.943340 2.11324098e-03 
37807.455650 2.23218833e-03 
37820.967970 2.35776377e-03 
37834.480280 2.49023709e-03 
37847.992600 2.62972316e-03 
37861.504910 2.77703282e-03 
37875.017230 2.93277620e-03 
37888.529540 3.09724746e-03 
37902.041850 3.27107086e-03 
37915.554170 3.45417063e-03 
37929.066480 3.64800739e-03 
37942.578800 3.85376755e-03 
37956.091110 4.07209863e-03 
37969.603430 4.30392676e-03 
37983.115740 4.55073737e-03 
37996.628060 4.81318809e-03 
38010.140370 5.09336403e-03 
38023.652680 5.39253886e-03 
38037.165000 5.71184159e-03 
38050.677310 6.05304239e-03 
38064.189630 6.41830031e-03 
38077.701940 6.80904065e-03 
38091.214260 7.22727372e-03 
38104.726570 7.67566020e-03 
38118.238890 8.15608854e-03 
38131.751200 8.67175554e-03 
38145.263510 9.22605961e-03 
38158.775830 9.82234984e-03 
38172.288140 1.04673789e-02 
38185.800460 1.11702878e-02 
38199.312770 1.19184595e-02 
38212.825090 1.27261571e-02 
38226.337400 1.35993508e-02 
38239.849710 1.45440066e-02 
38253.362030 1.55659963e-02 
38266.874340 1.66718823e-02 
38280.386660 1.78687936e-02 
38293.898970 1.91650234e-02 
38307.411290 2.05698907e-02 
38320.923600 2.20928512e-02 
38334.435920 2.37444192e-02 
38347.948230 2.55362158e-02 
38361.460540 2.74804029e-02 
38374.972860 2.95900801e-02 
38388.485170 3.19094400e-02 
38401.997490 3.44009269e-02 
38415.509800 3.70963788e-02 
38429.022120 4.00176479e-02 
38442.534430 4.31812374e-02 
38456.046740 4.66045157e-02 
38469.559060 5.03059111e-02 
38483.071370 5.43038363e-02 
38496.583690 5.86168127e-02 
38510.096000 6.32627251e-02 
38523.608320 6.82602219e-02 
38537.120630 7.36276853e-02 
38550.632950 7.93812242e-02 
38564.145260 8.55350827e-02 
38577.657570 9.21830051e-02 
38591.169890 9.92032075e-02 
38604.682200 1.06626486e-01 
38618.194520 1.14482030e-01 
38631.706830 1.22767416e-01 
38645.219150 1.31476830e-01 
38658.731460 1.40600882e-01 
38672.243770 1.50124275e-01 
38685.756090 1.60026908e-01 
38699.268400 1.70286097e-01 
38712.780720 1.80867155e-01 
38726.293030 1.91736159e-01 
38739.805350 2.02853909e-01 
38753.317660 2.14175509e-01 
38766.829980 2.25650346e-01 
38780.342290 2.37229526e-01 
38793.854600 2.48854954e-01 
38807.366920 2.60474106e-01 
38820.879230 2.72035060e-01 
38834.391550 2.83482692e-01 
38847.903860 2.94764028e-01 
38861.416180 3.05832762e-01 
38874.928490 3.16647140e-01 
38888.440810 3.27164718e-01 
38901.953120 3.37356342e-01 
38915.465430 3.47192705e-01 
38928.977750 3.56650324e-01 
38942.490060 3.65712471e-01 
38956.002380 3.74371618e-01 
38969.514690 3.82612923e-01 
38983.027010 3.90884527e-01 
38996.539320 3.98301796e-01 
39010.051630 4.05305427e-01 
39023.563950 4.11907078e-01 
39037.076260 4.18124320e-01 
39050.588580 4.23970346e-01 
39064.100890 4.29456846e-01 
39077.613210 4.34609157e-01 
39091.125520 4.39445123e-01 
39104.637840 4.43979417e-01 
39118.150150 4.48237169e-01 
39131.662460 4.52225649e-01 
39145.174780 4.56215828e-01 
39158.687090 4.59950104e-01 
39172.199410 4.63212995e-01 
39185.711720 4.66257964e-01 
39199.224040 4.69098063e-01 
39212.736350 4.71750768e-01 
39226.248660 4.74220079e-01 
39239.760980 4.76516548e-01 
39253.273290 4.78657649e-01 
39266.785610 4.80646669e-01 
39280.297920 4.82489957e-01 
39293.810240 4.84201043e-01 
39307.322550 4.85777729e-01 
39320.834870 4.87226289e-01 
39334.347180 4.88562590e-01 
39347.859490 4.89792664e-01 
39361.371810 4.90918276e-01 
39374.884120 4.92226415e-01 
39388.396440 4.93463711e-01 
39401.908750 4.94334717e-01 
39415.421070 4.95190245e-01 
39428.933380 4.95978284e-01 
39442.445690 4.96697385e-01 
39455.958010 4.97354764e-01 
39469.470320 4.97958137e-01 
39482.982640 4.98508880e-01 
39496.494950 4.99009842e-01 
39510.007270 4.99411414e-01 
39523.519580 4.99754053e-01 
39537.031900 5.00057439e-01 
39550.544210 5.00333551e-01 
39564.056520 5.00583529e-01 
39577.568840 5.00807153e-01 
39591.081150 5.01012126e-01 
39604.593470 5.01203039e-01 
39618.105780 5.01379164e-01 
39631.618100 5.01538884e-01 
39645.130410 5.01689979e-01 
39658.642730 5.01827664e-01 
39672.155040 5.01953447e-01 
39685.667350 5.02075325e-01 
39699.179670 5.02699866e-01 
39712.691980 5.02863777e-01 
39726.204300 5.02981155e-01 
39739.716610 5.03097573e-01 
39753.228930 5.03209072e-01 
39766.741240 5.03319765e-01 
39780.253550 5.04011806e-01 
39793.765870 5.04117663e-01 
39807.278180 5.04215242e-01 
39820.790500 5.04307662e-01 
39834.302810 5.04395917e-01 
39847.815130 5.04481181e-01 
39861.327440 5.04567412e-01 
39874.839760 5.04652516e-01 
39888.352070 5.04732270e-01 
39901.864380 5.04814805e-01 
39915.376700 5.04897094e-01 
39928.889010 5.04975347e-01 
39942.401330 5.05055006e-01 
39955.913640 5.05135430e-01 
39969.425960 5.05212420e-01 
39982.938270 5.05286144e-01 
39996.450580 5.05361760e-01 
40009.962900 5.05426194e-01 
40023.475210 5.05483520e-01 
40036.987530 5.05543936e-01 
40050.499840 5.05603119e-01 
40064.012160 5.05659894e-01 
40077.524470 5.05717888e-01 
40091.036790 5.05778643e-01 
40104.549100 5.05859205e-01 
40118.061410 5.05985039e-01 
40131.573730 5.06115363e-01 
40145.086040 5.06242141e-01 
40158.598360 5.06367228e-01 
40172.110670 5.06493380e-01 
40185.622990 5.06946028e-01 
40199.135300 5.07322150e-01 
40212.647610 5.07947278e-01 
40226.159930 5.08009651e-01 
40239.672240 5.08068970e-01 
40253.184560 5.08130971e-01 
40266.696870 5.08195907e-01 
40280.209190 5.08260349e-01 
40293.721500 5.08323622e-01 
40307.233820 5.08388620e-01 
40320.746130 5.08451485e-01 
40334.258440 5.08509847e-01 
40347.770760 5.08570732e-01 
40361.283070 5.08631915e-01 
40374.795390 5.08691204e-01 
40388.307700 5.08750720e-01 
40401.820020 5.08824548e-01 
40415.332330 5.08957295e-01 
40428.844650 5.09088835e-01 
40442.356960 5.09225094e-01 
40455.869270 5.09360604e-01 
40469.381590 5.09493357e-01 
40482.893900 5.09625822e-01 
40496.406220 5.09759495e-01 
40509.918530 5.09835424e-01 
40523.430850 5.09891428e-01 
40536.943160 5.09948952e-01 
40550.455470 5.10003452e-01 
40563.967790 5.10056050e-01 
40577.480100 5.10110262e-01 
40590.992420 5.10166081e-01 
40604.504730 5.10481144e-01 
40618.017050 5.10856946e-01 
40631.529360 5.10911161e-01 
40645.041680 5.10960799e-01 
40658.553990 5.11006122e-01 
40672.066300 5.11051102e-01 
40685.578620 5.11092984e-01 
40699.090930 5.11127429e-01 
40712.603250 5.11227510e-01 
40726.115560 5.11676823e-01 
40739.627880 5.11996445e-01 
40753.140190 5.12095082e-01 
40766.652500 5.12196964e-01 
40780.164820 5.12295706e-01 
40793.677130 5.12391437e-01 
40807.189450 5.12452714e-01 
40820.701760 5.12480436e-01 
40834.214080 5.12502984e-01 
40847.726390 5.12523403e-01 
40861.238710 5.12546163e-01 
40874.751020 5.12564436e-01 
40888.263330 5.12582278e-01 
40901.775650 5.12602823e-01 
40915.287960 5.12623575e-01 
40928.800280 5.12642067e-01 
40942.312590 5.12663421e-01 
40955.824910 5.12689214e-01 
40969.337220 5.12712309e-01 
40982.849530 5.12736527e-01 
40996.361850 5.12763126e-01 
41009.874160 5.12741076e-01 
41023.386480 5.12696685e-01 
41036.898790 5.13060735e-01 
41050.411110 5.13202787e-01 
41063.923420 5.13160825e-01 
41077.435740 5.13119865e-01 
41090.948050 5.13083618e-01 
41104.460360 5.13069401e-01 
41117.972680 5.13095839e-01 
41131.484990 5.13127473e-01 
41144.997310 5.13160092e-01 
41158.509620 5.13190489e-01 
41172.021940 5.13218583e-01 
41185.534250 5.13563732e-01 
41199.046570 5.13844292e-01 
41212.558880 5.13873052e-01 
41226.071190 5.13902405e-01 
41239.583510 5.13931899e-01 
41253.095820 5.13957553e-01 
41266.608140 5.13982765e-01 
41280.120450 5.14011745e-01 
41293.632770 5.14038002e-01 
41307.145080 5.14025241e-01 
41320.657390 5.13978947e-01 
41334.169710 5.13931690e-01 
41347.682020 5.13876956e-01 
41361.194340 5.13819321e-01 
41374.706650 5.13759170e-01 
41388.218970 5.13693950e-01 
41401.731280 5.13637719e-01 
41415.243600 5.13693935e-01 
41428.755910 5.13747985e-01 
41442.268220 5.13796432e-01 
41455.780540 5.13842813e-01 
41469.292850 5.13889222e-01 
41482.805170 5.14520163e-01 
41496.317480 5.14554873e-01 
41509.829800 5.14539487e-01 
41523.342110 5.14502027e-01 
41536.854420 5.14458836e-01 
41550.366740 5.14409240e-01 
41563.879050 5.14357515e-01 
41577.391370 5.14299200e-01 
41590.903680 5.14234644e-01 
41604.416000 5.14420290e-01 
41617.928310 5.14676271e-01 
41631.440630 5.14609289e-01 
41644.952940 5.14538113e-01 
41658.465250 5.14466865e-01 
41671.977570 5.14391737e-01 
41685.489880 5.14306332e-01 
41699.002200 5.14218569e-01 
41712.514510 5.14134180e-01 
41726.026830 5.14044287e-01 
41739.539140 5.13950296e-01 
41753.051460 5.13853970e-01 
41766.563770 5.13755953e-01 
41780.076080 5.13652806e-01 
41793.588400 5.13549166e-01 
41807.100710 5.13446339e-01 
41820.613030 5.13342498e-01 
41834.125340 5.13235168e-01 
41847.637660 5.13129772e-01 
41861.149970 5.13024936e-01 
41874.662280 5.12917288e-01 
41888.174600 5.12806903e-01 
41901.686910 5.12696972e-01 
41915.199230 5.12580314e-01 
41928.711540 5.12460581e-01 
41942.223860 5.12927846e-01 
41955.736170 5.12811039e-01 
41969.248490 5.12693490e-01 
41982.760800 5.12575960e-01 
41996.273110 5.12463744e-01 
42009.785430 5.12351421e-01 
42023.297740 5.12238444e-01 
42036.810060 5.12511913e-01 
42050.322370 5.12584815e-01 
42063.834690 5.12477156e-01 
42077.347000 5.12369727e-01 
42090.859310 5.12264298e-01 
42104.371630 5.12167219e-01 
42117.883940 5.12080234e-01 
42131.396260 5.11993664e-01 
42144.908570 5.11910113e-01 
42158.420890 5.11829270e-01 
42171.933200 5.11747442e-01 
42185.445520 5.11667877e-01 
42198.957830 5.11591879e-01 
42212.470140 5.11506171e-01 
42225.982460 5.11419270e-01 
42239.494770 5.11335243e-01 
42253.007090 5.11252445e-01 
42266.519400 5.11167069e-01 
42280.031720 5.11078619e-01 
42293.544030 5.10990223e-01 
42307.056340 5.10901281e-01 
42320.568660 5.10808453e-01 
42334.080970 5.10711905e-01 
42347.593290 5.10615967e-01 
42361.105600 5.10520043e-01 
42374.617920 5.10425625e-01 
42388.130230 5.10337597e-01 
42401.642550 5.10255707e-01 
42415.154860 5.10169434e-01 
42428.667170 5.10592549e-01 
42442.179490 5.10594804e-01 
42455.691800 5.10522566e-01 
42469.204120 5.10449247e-01 
42482.716430 5.10938309e-01 
42496.228750 5.10865205e-01 
42509.741060 5.10781946e-01 
42523.253380 5.10692630e-01 
42536.765690 5.10603533e-01 
42550.278000 5.10516431e-01 
42563.790320 5.10429056e-01 
42577.302630 5.10341829e-01 
42590.814950 5.10256435e-01 
42604.327260 5.09867207e-01 
42617.839580 5.08828763e-01 
42631.351890 5.07790359e-01 
42644.864200 5.06752789e-01 
42658.376520 5.05713183e-01 
42671.888830 5.04669005e-01 
42685.401150 5.03622137e-01 
42698.913460 5.02573848e-01 
42712.425780 5.01082147e-01 
42725.938090 4.99548715e-01 
42739.450410 4.98015086e-01 
42752.962720 4.96482503e-01 
42766.475030 4.94949051e-01 
42779.987350 4.93415520e-01 
42793.499660 4.91884685e-01 
42807.011980 4.92318577e-01 
42820.524290 4.94569383e-01 
42834.036610 4.96817430e-01 
42847.548920 4.99063310e-01 
42861.061230 5.01305419e-01 
42874.573550 5.03542254e-01 
42888.085860 5.05775811e-01 
42901.598180 5.07739582e-01 
42915.110490 5.07701726e-01 
42928.622810 5.07661877e-01 
42942.135120 5.08305374e-01 
42955.647440 5.08723234e-01 
42969.159750 5.08684487e-01 
42982.672060 5.08645287e-01 
42996.184380 5.08606747e-01 
43009.696690 5.08510753e-01 
43023.209010 5.08389972e-01 
43036.721320 5.08267170e-01 
43050.233640 5.08144450e-01 
43063.745950 5.08021196e-01 
43077.258260 5.07895936e-01 
43090.770580 5.07769592e-01 
43104.282890 5.07643050e-01 
43117.795210 5.07513695e-01 
43131.307520 5.07383441e-01 
43144.819840 5.07253347e-01 
43158.332150 5.07124240e-01 
43171.844470 5.06994610e-01 
43185.356780 5.06863592e-01 
43198.869090 5.06732259e-01 
43212.381410 5.06614856e-01 
43225.893720 5.06497119e-01 
43239.406040 5.06377049e-01 
43252.918350 5.06256002e-01 
43266.430670 5.06134159e-01 
43279.942980 5.06010535e-01 
43293.455300 5.05885163e-01 
43306.967610 5.05755330e-01 
43320.479920 5.05620769e-01 
43333.992240 5.05485136e-01 
43347.504550 5.05348229e-01 
43361.016870 5.05212108e-01 
43374.529180 5.05075431e-01 
43388.041500 5.04937566e-01 
43401.553810 5.04797362e-01 
43415.066120 5.04654411e-01 
43428.578440 5.04508036e-01 
43442.090750 5.04358123e-01 
43455.603070 5.04514937e-01 
43469.115380 5.04602766e-01 
43482.627700 5.04439901e-01 
43496.140010 5.04261469e-01 
43509.652330 5.04075079e-01 
43523.164640 5.04459753e-01 
43536.676950 5.04265975e-01 
43550.189270 5.04068596e-01 
43563.701580 5.03866693e-01 
43577.213900 5.03661204e-01 
43590.726210 5.03449835e-01 
43604.238530 5.03237027e-01 
43617.750840 5.03028367e-01 
43631.263150 5.02813820e-01 
43644.775470 5.02592538e-01 
43658.287780 5.02364745e-01 
43671.800100 5.02131362e-01 
43685.312410 5.01892369e-01 
43698.824730 5.01648105e-01 
43712.337040 5.01394544e-01 
43725.849360 5.01136737e-01 
43739.361670 5.00874023e-01 
43752.873980 5.00606938e-01 
43766.386300 5.00334711e-01 
43779.898610 5.00059706e-01 
43793.410930 4.99780316e-01 
43806.923240 4.99502687e-01 
43820.435560 4.99224870e-01 
43833.947870 4.98944430e-01 
43847.460180 4.98660863e-01 
43860.972500 4.98375901e-01 
43874.484810 4.98088478e-01 
43887.997130 4.97800844e-01 
43901.509440 4.97512000e-01 
43915.021760 4.97221126e-01 
43928.534070 4.96931037e-01 
43942.046390 4.96643037e-01 
43955.558700 4.96357076e-01 
43969.071010 4.96103280e-01 
43982.583330 4.95866472e-01 
43996.095640 4.95631492e-01 
44009.607960 4.95398655e-01 
44023.120270 4.95167219e-01 
44036.632590 4.94939669e-01 
44050.144900 4.94722678e-01 
44063.657220 4.95038226e-01 
44077.169530 4.94822114e-01 
44090.681840 4.94612714e-01 
44104.194160 4.94407797e-01 
44117.706470 4.94208798e-01 
44131.218790 4.94083937e-01 
44144.731100 4.94391058e-01 
44158.243420 4.94209129e-01 
44171.755730 4.94033158e-01 
44185.268040 4.93861589e-01 
44198.780360 4.93694139e-01 
44212.292670 4.93533189e-01 
44225.804990 4.93376278e-01 
44239.317300 4.93224331e-01 
44252.829620 4.93075948e-01 
44266.341930 4.92933268e-01 
44279.854250 4.92793489e-01 
44293.366560 4.92659058e-01 
44306.878870 4.92523240e-01 
44320.391190 4.92387875e-01 
44333.903500 4.92255293e-01 
44347.415820 4.92127502e-01 
44360.928130 4.92002783e-01 
44374.440450 4.91881318e-01 
44387.952760 4.91762539e-01 
44401.465070 4.91647285e-01 
44414.977390 4.91540493e-01 
44428.489700 4.91435146e-01 
44442.002020 4.91329262e-01 
44455.514330 4.91205199e-01 
44469.026650 4.91083579e-01 
44482.538960 4.90961285e-01 
44496.051280 4.90840826e-01 
44509.563590 4.90717089e-01 
44523.075900 4.90593759e-01 
44536.588220 4.90469212e-01 
44550.100530 4.90344524e-01 
44563.612850 4.90219748e-01 
44577.125160 4.90095098e-01 
44590.637480 4.89970222e-01 
44604.149790 4.89845141e-01 
44617.662110 4.89723561e-01 
44631.174420 4.89601513e-01 
44644.686730 4.89480107e-01 
44658.199050 4.89355914e-01 
44671.711360 4.89231852e-01 
44685.223680 4.89105701e-01 
44698.735990 4.88978945e-01 
44712.248310 4.88848821e-01 
44725.760620 4.88717438e-01 
44739.272930 4.88584541e-01 
44752.785250 4.88449694e-01 
44766.297560 4.88650037e-01 
44779.809880 4.88707757e-01 
44793.322190 4.88566597e-01 
44806.834510 4.88421665e-01 
44820.346820 4.88274563e-01 
44833.859140 4.88123089e-01 
44847.371450 4.88379628e-01 
44860.883760 4.88368746e-01 
44874.396080 4.88209588e-01 
44887.908390 4.88047981e-01 
44901.420710 4.87884194e-01 
44914.933020 4.87714361e-01 
44928.445340 4.87540140e-01 
44941.957650 4.87362287e-01 
44955.469960 4.87171546e-01 
44968.982280 4.86979599e-01 
44982.494590 4.86782455e-01 
44996.006910 4.86582413e-01 
45009.519220 4.86384408e-01 
45023.031540 4.86186846e-01 
45036.543850 4.85984318e-01 
45050.056170 4.85776222e-01 
45063.568480 4.85565602e-01 
45077.080790 4.85350529e-01 
45090.593110 4.85132253e-01 
45104.105420 4.84907239e-01 
45117.617740 4.84679189e-01 
45131.130050 4.84446838e-01 
45144.642370 4.84212334e-01 
45158.154680 4.83972939e-01 
45171.666990 4.83729867e-01 
45185.179310 4.83484872e-01 
45198.691620 4.83235642e-01 
45212.203940 4.82985822e-01 
45225.716250 4.82730484e-01 
45239.228570 4.82473703e-01 
45252.740880 4.82211675e-01 
45266.253200 4.81945805e-01 
45279.765510 4.81674627e-01 
45293.277820 4.81401202e-01 
45306.790140 4.81122998e-01 
45320.302450 4.80838206e-01 
45333.814770 4.80551764e-01 
45347.327080 4.80262754e-01 
45360.839400 4.79975530e-01 
45374.351710 4.79685115e-01 
45387.864030 4.79393026e-01 
45401.376340 4.79098696e-01 
45414.888650 4.78804849e-01 
45428.400970 4.78509590e-01 
45441.913280 4.78210102e-01 
45455.425600 4.77907762e-01 
45468.937910 4.77602040e-01 
45482.450230 4.77297516e-01 
45495.962540 4.76990618e-01 
45509.474850 4.76689242e-01 
45522.987170 4.76390166e-01 
45536.499480 4.76092434e-01 
45550.011800 4.75795094e-01 
45563.524110 4.75497133e-01 
45577.036430 4.75202299e-01 
45590.548740 4.74908143e-01 
45604.061060 4.74614720e-01 
45617.573370 4.74711538e-01 
45631.085680 4.74542444e-01 
45644.598000 4.74249297e-01 
45658.110310 4.73957203e-01 
45671.622630 4.73665627e-01 
45685.134940 4.73373414e-01 
45698.647260 4.73085609e-01 
45712.159570 4.72911514e-01 
45725.671880 4.73043071e-01 
45739.184200 4.72751349e-01 
45752.696510 4.72461587e-01 
45766.208830 4.72174016e-01 
45779.721140 4.71885487e-01 
45793.233460 4.71596765e-01 
45806.745770 4.71307833e-01 
45820.258090 4.71023158e-01 
45833.770400 4.70736179e-01 
45847.282710 4.70448058e-01 
45860.795030 4.70157565e-01 
45874.307340 4.69865718e-01 
45887.819660 4.69572742e-01 
45901.331970 4.69273266e-01 
45914.844290 4.68965192e-01 
45928.356600 4.68654934e-01 
45941.868910 4.68345344e-01 
45955.381230 4.68031124e-01 
45968.893540 4.67712677e-01 
45982.405860 4.67392331e-01 
45995.918170 4.67070089e-01 
46009.430490 4.66746440e-01 
46022.942800 4.66415443e-01 
46036.455120 4.66081220e-01 
46049.967430 4.65742670e-01 
46063.479740 4.65399883e-01 
46076.992060 4.65049785e-01 
46090.504370 4.64691567e-01 
46104.016690 4.64349384e-01 
46117.529000 4.64048627e-01 
46131.041320 4.63741425e-01 
46144.553630 4.63424368e-01 
46158.065950 4.63102071e-01 
46171.578260 4.62776254e-01 
46185.090570 4.62445368e-01 
46198.602890 4.62108544e-01 
46212.115200 4.61699914e-01 
46225.627520 4.61280444e-01 
46239.139830 4.60854782e-01 
46252.652150 4.60422062e-01 
46266.164460 4.59981969e-01 
46279.676770 4.59535963e-01 
46293.189090 4.59086231e-01 
46306.701400 4.58630050e-01 
46320.213720 4.58168690e-01 
46333.726030 4.57700321e-01 
46347.238350 4.57228981e-01 
46360.750660 4.56753456e-01 
46374.262980 4.56270072e-01 
46387.775290 4.55782392e-01 
46401.287600 4.55290604e-01 
46414.799920 4.54800429e-01 
46428.312230 4.54305307e-01 
46441.824550 4.53805506e-01 
46455.336860 4.53303719e-01 
46468.849180 4.52801042e-01 
46482.361490 4.52298210e-01 
46495.873800 4.51790181e-01 
46509.386120 4.51278259e-01 
46522.898430 4.51255508e-01 
46536.410750 4.50738706e-01 
46549.923060 4.50220998e-01 
46563.435380 4.49700154e-01 
46576.947690 4.49182093e-01 
46590.460010 4.48666346e-01 
46603.972320 4.48155140e-01 
46617.484630 4.47649342e-01 
46630.996950 4.47146154e-01 
46644.509260 4.46649812e-01 
46658.021580 4.46158067e-01 
46671.533890 4.45670912e-01 
46685.046210 4.45185790e-01 
46698.558520 4.44707530e-01 
46712.070830 4.44239150e-01 
46725.583150 4.43776315e-01 
46739.095460 4.43318820e-01 
46752.607780 4.42865471e-01 
46766.120090 4.42420956e-01 
46779.632410 4.41983534e-01 
46793.144720 4.41550328e-01 
46806.657040 4.41118440e-01 
46820.169350 4.40688654e-01 
46833.681660 4.40269678e-01 
46847.193980 4.39858014e-01 
46860.706290 4.39453592e-01 
46874.218610 4.39058097e-01 
46887.730920 4.38673740e-01 
46901.243240 4.38302383e-01 
46914.755550 4.37941850e-01 
46928.267870 4.37589390e-01 
46941.780180 4.37246075e-01 
46955.292490 4.36913549e-01 
46968.804810 4.36590361e-01 
46982.317120 4.36767328e-01 
46995.829440 4.36456927e-01 
47009.341750 4.36157746e-01 
47022.854070 4.35868882e-01 
47036.366380 4.35586120e-01 
47049.878690 4.35307399e-01 
47063.391010 4.35038019e-01 
47076.903320 4.34777138e-01 
47090.415640 4.34524458e-01 
47103.927950 4.34292816e-01 
47117.440270 4.34106716e-01 
47130.952580 4.33929129e-01 
47144.464900 4.33758136e-01 
47157.977210 4.33592459e-01 
47171.489520 4.33427818e-01 
47185.001840 4.33266604e-01 
47198.514150 4.33110636e-01 
47212.026470 4.32903632e-01 
47225.538780 4.32691138e-01 
47239.051100 4.32478052e-01 
47252.563410 4.32267902e-01 
47266.075720 4.32060738e-01 
47279.588040 4.31852354e-01 
47293.100350 4.31643153e-01 
47306.612670 4.31433258e-01 
47320.124980 4.31226510e-01 
47333.637300 4.31020611e-01 
47347.149610 4.31148128e-01 
47360.661930 4.31069964e-01 
47374.174240 4.30855675e-01 
47387.686550 4.30641908e-01 
47401.198870 4.30425251e-01 
47414.711180 4.30206005e-01 
47428.223500 4.29982356e-01 
47441.735810 4.29755394e-01 
47455.248130 4.29526365e-01 
47468.760440 4.29290252e-01 
47482.272760 4.29046413e-01 
47495.785070 4.28797994e-01 
47509.297380 4.28545719e-01 
47522.809700 4.28290467e-01 
47536.322010 4.28027596e-01 
47549.834330 4.27758397e-01 
47563.346640 4.27486861e-01 
47576.858960 4.27212640e-01 
47590.371270 4.26934920e-01 
47603.883580 4.26651181e-01 
47617.395900 4.26365822e-01 
47630.908210 4.26062031e-01 
47644.420530 4.25751087e-01 
47657.932840 4.25435092e-01 
47671.445160 4.25111555e-01 
47684.957470 4.24784553e-01 
47698.469790 4.24456189e-01 
47711.982100 4.24122870e-01 
47725.494410 4.23785032e-01 
47739.006730 4.23441952e-01 
47752.519040 4.23098663e-01 
47766.031360 4.22756246e-01 
47779.543670 4.22411359e-01 
47793.055990 4.22064180e-01 
47806.568300 4.21711034e-01 
47820.080610 4.21356793e-01 
47833.592930 4.21005554e-01 
47847.105240 4.20653337e-01 
47860.617560 4.20300652e-01 
47874.129870 4.19948841e-01 
47887.642190 4.19601796e-01 
47901.154500 4.19258064e-01 
47914.666820 4.18916205e-01 
47928.179130 4.18574941e-01 
47941.691440 4.18236288e-01 
47955.203760 4.17903051e-01 
47968.716070 4.17572811e-01 
47982.228390 4.17242761e-01 
47995.740700 4.16915256e-01 
48009.253020 4.16595308e-01 
48022.765330 4.16282587e-01 
48036.277640 4.15972603e-01 
48049.789960 4.15663039e-01 
48063.302270 4.15357756e-01 
48076.814590 4.15058412e-01 
48090.326900 4.15218313e-01 
48103.839220 4.14925065e-01 
48117.351530 4.14626501e-01 
48130.863850 4.14332770e-01 
48144.376160 4.14044852e-01 
48157.888470 4.13760668e-01 
48171.400790 4.13476603e-01 
48184.913100 4.13191486e-01 
48198.425420 4.12908674e-01 
48211.937730 4.12635854e-01 
48225.450050 4.12363586e-01 
48238.962360 4.12088530e-01 
48252.474680 4.11810659e-01 
48265.986990 4.11533978e-01 
48279.499300 4.11258197e-01 
48293.011620 4.10979179e-01 
48306.523930 4.10693293e-01 
48320.036250 4.10400914e-01 
48333.548560 4.10108467e-01 
48347.060880 4.09814808e-01 
48360.573190 4.09514731e-01 
48374.085500 4.09206592e-01 
48387.597820 4.08890681e-01 
48401.110130 4.08569567e-01 
48414.622450 4.08240423e-01 
48428.134760 4.07899096e-01 
48441.647080 4.07545140e-01 
48455.159390 4.07179739e-01 
48468.671710 4.06805519e-01 
48482.184020 4.06421245e-01 
48495.696330 4.06021663e-01 
48509.208650 4.05615305e-01 
48522.720960 4.05200100e-01 
48536.233280 4.04775215e-01 
48549.745590 4.04339058e-01 
48563.257910 4.03886245e-01 
48576.770220 4.03419103e-01 
48590.282530 4.02939292e-01 
48603.794850 4.02448289e-01 
48617.307160 4.01943370e-01 
48630.819480 4.01421428e-01 
48644.331790 4.00884735e-01 
48657.844110 4.00334903e-01 
48671.356420 3.99773299e-01 
48684.868740 3.99197430e-01 
48698.381050 3.98604806e-01 
48711.893360 3.97993462e-01 
48725.405680 3.97370429e-01 
48738.917990 3.96737843e-01 
48752.430310 3.96093314e-01 
48765.942620 3.95692520e-01 
48779.454940 3.95199993e-01 
48792.967250 3.94366855e-01 
48806.479560 3.93524202e-01 
48819.991880 3.92676474e-01 
48833.504190 3.91820552e-01 
48847.016510 3.90959397e-01 
48860.528820 3.90096856e-01 
48874.041140 3.89232354e-01 
48887.553450 3.88363590e-01 
48901.065770 3.87490439e-01 
48914.578080 3.86613831e-01 
48928.090390 3.85739346e-01 
48941.602710 3.84865872e-01 
48955.115020 3.83991019e-01 
48968.627340 3.83114898e-01 
48982.139650 3.82240391e-01 
48995.651970 3.81370802e-01 
49009.164280 3.80504672e-01 
49022.676600 3.79639935e-01 
49036.188910 3.78777126e-01 
49049.701220 3.77919573e-01 
49063.213540 3.77068778e-01 
49076.725850 3.76223190e-01 
49090.238170 3.75378949e-01 
49103.750480 3.74535703e-01 
49117.262800 3.73697078e-01 
49130.775110 3.72862040e-01 
49144.287420 3.72027835e-01 
49157.799740 3.71189367e-01 
49171.312050 3.70345752e-01 
49184.824370 3.69497351e-01 
49198.336680 3.68644775e-01 
49211.849000 3.67779863e-01 
49225.361310 3.66900047e-01 
49238.873630 3.66004314e-01 
49252.385940 3.65091813e-01 
49265.898250 3.64164020e-01 
49279.410570 3.63212218e-01 
49292.922880 3.62233743e-01 
49306.435200 3.61223616e-01 
49319.947510 3.60182104e-01 
49333.459830 3.59108570e-01 
49346.972140 3.57993019e-01 
49360.484450 3.56834011e-01 
49373.996770 3.55619556e-01 
49387.509080 3.54355176e-01 
49401.021400 3.53033672e-01 
49414.533710 3.51824983e-01 
49428.046030 3.50583197e-01 
49441.558340 3.49053039e-01 
49455.070660 3.47453211e-01 
49468.582970 3.45769412e-01 
49482.095280 3.44006793e-01 
49495.607600 3.42153878e-01 
49509.119910 3.40208982e-01 
49522.632230 3.38176672e-01 
49536.144540 3.36044937e-01 
49549.656860 3.33824763e-01 
49563.169170 3.31494381e-01 
49576.681480 3.29066747e-01 
49590.193800 3.26535308e-01 
49603.706110 3.23902772e-01 
49617.218430 3.21172593e-01 
49630.730740 3.18330806e-01 
49644.243060 3.15395319e-01 
49657.755370 3.12348612e-01 
49671.267690 3.09212997e-01 
49684.780000 3.05977307e-01 
49698.292310 3.02646058e-01 
49711.804630 2.99229251e-01 
49725.316940 2.95717842e-01 
49738.829260 2.92133911e-01 
49752.341570 2.88457173e-01 
49765.853890 2.84711160e-01 
49779.366200 2.80885061e-01 
49792.878520 2.76993175e-01 
49806.390830 2.73040276e-01 
49819.903140 2.69025001e-01 
49833.415460 2.64962475e-01 
49846.927770 2.60839333e-01 
49860.440090 2.56683516e-01 
49873.952400 2.52484857e-01 
49887.464720 2.48259911e-01 
49900.977030 2.44006243e-01 
49914.489340 2.39727967e-01 
49928.001660 2.35437087e-01 
49941.513970 2.31129760e-01 
49955.026290 2.26826111e-01 
49968.538600 2.22512355e-01 
49982.050920 2.18205282e-01 
49995.563230 2.13901460e-01 
50009.075550 2.09632134e-01 
50022.587860 2.05389152e-01 
50036.100170 2.01160827e-01 
50049.612490 1.96956427e-01 
50063.124800 1.92769231e-01 
50076.637120 1.88617243e-01 
50090.149430 1.84693424e-01 
50103.661750 1.80600928e-01 
50117.174060 1.76542195e-01 
50130.686370 1.72520797e-01 
50144.198690 1.68541648e-01 
50157.711000 1.64602708e-01 
50171.223320 1.60711372e-01 
50184.735630 1.56860327e-01 
50198.247950 1.53059341e-01 
50211.760260 1.49303521e-01 
50225.272580 1.45599405e-01 
50238.784890 1.41943910e-01 
50252.297200 1.38337047e-01 
50265.809520 1.34780284e-01 
50279.321830 1.31270564e-01 
50292.834150 1.27814244e-01 
50306.346460 1.24403360e-01 
50319.858780 1.21043932e-01 
50333.371090 1.17727778e-01 
50346.883410 1.14460450e-01 
50360.395720 1.11239347e-01 
50373.908030 1.08065523e-01 
50387.420350 1.04938713e-01 
50400.932660 1.01855102e-01 
50414.444980 9.88200207e-02 
50427.957290 9.58268964e-02 
50441.469610 9.28846184e-02 
50454.981920 8.99837843e-02 
50468.494230 8.71305034e-02 
50482.006550 8.43200050e-02 
50495.518860 8.15554461e-02 
50509.031180 7.88364208e-02 
50522.543490 7.61612133e-02 
50536.055810 7.35327888e-02 
50549.568120 7.09456410e-02 
50563.080440 6.84081573e-02 
50576.592750 6.59129466e-02 
50590.105060 6.34679961e-02 
50603.617380 6.10660124e-02 
50617.129690 5.87124896e-02 
50630.642010 5.64063824e-02 
50644.154320 5.41652579e-02 
50657.666640 5.19730912e-02 
50671.178950 4.98281004e-02 
50684.691260 4.77350997e-02 
50698.203580 4.56899424e-02 
50711.715890 4.37004887e-02 
50725.228210 4.17618319e-02 
50738.740520 3.98797810e-02 
50752.252840 3.80502992e-02 
50765.765150 3.62769380e-02 
50779.277470 3.45935938e-02 
50792.789780 3.29323008e-02 
50806.302090 3.13249191e-02 
50819.814410 2.97725955e-02 
50833.326720 2.82772951e-02 
50846.839040 2.68361088e-02 
50860.351350 2.54521782e-02 
50873.863670 2.41221751e-02 
50887.375980 2.28478711e-02 
50900.888290 2.16265313e-02 
50914.400610 2.04588742e-02 
50927.912920 1.93432582e-02 
50941.425240 1.82791387e-02 
50954.937550 1.72652031e-02 
50968.449870 1.62997602e-02 
50981.962180 1.53819293e-02 
50995.474500 1.45096413e-02 
