5505.499878 1.08835253e-09 
5515.499878 9.74809189e-10 
5525.499878 1.99193749e-09 
5535.499878 2.37778756e-09 
5545.499878 1.09025600e-09 
5555.499878 2.50850713e-09 
5565.499878 2.62726098e-09 
5575.499878 3.73520073e-09 
5585.499878 2.20505539e-09 
5595.499878 1.57207848e-09 
5605.499878 7.08758777e-10 
5615.499878 4.04638877e-09 
5625.499878 4.66258544e-09 
5635.499878 3.68192342e-09 
5645.499878 3.76860396e-09 
5655.499878 1.87530180e-09 
5665.499878 2.72743689e-09 
5675.499878 3.09015573e-09 
5685.499878 3.42094883e-09 
5695.499878 3.03847368e-09 
5705.499878 1.28509978e-09 
5715.499878 2.60315135e-09 
5725.499878 3.55056914e-09 
5735.499878 6.67854555e-09 
5745.499878 4.11745934e-09 
5755.499878 2.69157689e-09 
5765.499878 3.91778149e-09 
5775.499878 1.33258737e-09 
5785.499878 2.87845374e-09 
5795.499878 3.42553533e-09 
5805.499878 8.52761567e-09 
5815.499878 3.59155158e-09 
5825.499878 1.05382793e-08 
5835.499878 8.89278582e-09 
5845.499878 7.58612675e-09 
5855.499878 5.60034265e-09 
5865.499878 1.46721686e-08 
5875.499878 1.18206917e-08 
5885.499878 9.67231781e-09 
5895.499878 2.69950493e-09 
5905.499878 2.94488805e-09 
5915.499878 1.46383306e-08 
5925.499878 1.08250995e-08 
5935.499878 8.36630504e-09 
5945.499878 1.08814095e-08 
5955.499878 2.10685019e-08 
5965.499878 1.21827468e-08 
5975.499878 2.97846368e-09 
5985.499878 8.59159599e-09 
5995.499878 1.18954583e-08 
6005.499878 2.29345563e-08 
6015.499878 1.49545616e-08 
6025.499878 1.93198604e-08 
6035.499878 1.77742513e-08 
6045.499878 1.23442226e-08 
6055.499878 1.37250832e-08 
6065.499878 4.22130239e-09 
6075.499878 1.86144426e-08 
6085.499878 2.21589953e-08 
6095.499878 2.95822309e-08 
6105.499878 1.84223715e-08 
6115.499878 3.23762642e-08 
6125.499878 1.88645541e-08 
6135.499878 3.50975097e-08 
6145.499878 2.20410912e-08 
6155.499878 1.58324725e-08 
6165.499878 1.44100223e-08 
6175.499878 1.70714522e-08 
6185.499878 1.35402212e-08 
6195.499878 3.70803028e-08 
6205.499878 2.45472650e-08 
6215.499878 3.40286156e-08 
6225.499878 1.90615698e-08 
6235.499878 1.74974310e-08 
6245.499878 3.37447991e-08 
6255.499878 3.92230211e-08 
6265.499878 2.25685888e-08 
6275.499878 1.56483687e-08 
6285.499878 3.05515088e-08 
6295.499878 5.88877012e-08 
6305.499878 5.47572384e-08 
6315.499878 4.04478778e-08 
6325.499878 6.76570714e-08 
6335.499878 6.45400405e-08 
6345.499878 3.31269727e-08 
6355.499878 6.47679225e-08 
6365.499878 5.83905580e-08 
6375.499878 8.34257731e-08 
6385.499878 2.89348965e-08 
6395.499878 4.85746478e-08 
6405.499878 7.65498238e-08 
6415.499878 4.82622287e-08 
6425.499878 5.51114680e-08 
6435.499878 4.40138176e-08 
6445.499878 4.13326731e-08 
6455.499878 6.34497821e-08 
6465.499878 6.61590433e-08 
6475.499878 7.29171474e-08 
6485.499878 6.86672080e-08 
6495.499878 9.42702596e-08 
6505.499878 6.52134828e-08 
6515.499878 8.19518615e-08 
6525.499878 7.68909678e-08 
6535.499878 6.21777309e-08 
6545.499878 9.16365875e-08 
6555.499878 8.65022231e-08 
6565.499878 1.04446487e-07 
6575.499878 9.38398786e-08 
6585.499878 8.89125159e-08 
6595.499878 8.56817064e-08 
6605.499878 9.62434174e-08 
6615.499878 8.94580780e-08 
6625.499878 1.05172483e-07 
6635.499878 1.16822103e-07 
6645.499878 1.22299053e-07 
6655.499878 1.32372695e-07 
6665.499878 1.19359642e-07 
6675.499878 1.39546104e-07 
6685.499878 1.30036238e-07 
6695.499878 1.29537835e-07 
6705.499878 1.61917690e-07 
6715.499878 1.63301898e-07 
6725.499878 1.30168169e-07 
6735.499878 1.76516069e-07 
6745.499878 1.81361413e-07 
6755.499878 1.62595796e-07 
6765.499878 1.50576103e-07 
6775.499878 1.33597045e-07 
6785.499878 1.84131569e-07 
6795.499878 1.66426772e-07 
6805.499878 1.43712245e-07 
6815.499878 1.69171345e-07 
6825.499878 1.83243858e-07 
6835.499878 1.98196802e-07 
6845.499878 1.90298604e-07 
6855.499878 2.07458894e-07 
6865.499878 2.05232590e-07 
6875.499878 2.23696778e-07 
6885.499878 2.14061827e-07 
6895.499878 2.09492625e-07 
6905.499878 2.18485306e-07 
6915.499878 2.18304541e-07 
6925.499878 2.24352127e-07 
6935.499878 2.21124448e-07 
6945.499878 2.50454552e-07 
6955.499878 2.40477607e-07 
6965.499878 2.43064189e-07 
6975.499878 2.66872443e-07 
6985.499878 2.64811354e-07 
6995.499878 2.46314967e-07 
7005.499878 2.44406303e-07 
7015.499878 2.38608634e-07 
7025.499878 2.68273217e-07 
7035.499878 2.51903630e-07 
7045.499878 2.64870254e-07 
7055.499878 2.32159358e-07 
7065.499878 2.78888086e-07 
7075.499878 2.65876539e-07 
7085.499878 2.88362417e-07 
7095.499878 3.12807522e-07 
7105.499878 3.15855127e-07 
7115.499878 3.03593938e-07 
7125.499878 2.97381058e-07 
7135.499878 3.26293254e-07 
7145.499878 3.49703314e-07 
7155.499878 3.37268095e-07 
7165.499878 3.41670344e-07 
7175.499878 3.98393069e-07 
7185.499878 3.53252950e-07 
7195.499878 3.80065872e-07 
7205.499878 3.58179098e-07 
7215.499878 3.67103657e-07 
7225.499878 3.97154272e-07 
7235.499878 3.71033687e-07 
7245.499878 3.78214740e-07 
7255.499878 4.19285877e-07 
7265.499878 3.62057693e-07 
7275.499878 3.66354147e-07 
7285.499878 3.58523060e-07 
7295.499878 3.37033700e-07 
7305.499878 3.08166460e-07 
7315.499878 3.11829371e-07 
7325.499878 3.73414776e-07 
7335.499878 3.13633163e-07 
7345.499878 2.77747908e-07 
7355.499878 3.05041669e-07 
7365.499878 2.98287419e-07 
7375.499878 3.15552126e-07 
7385.499878 3.00415075e-07 
7395.499878 3.66657131e-07 
7405.499878 3.60839925e-07 
7415.499878 3.47664238e-07 
7425.499878 3.30521314e-07 
7435.499878 3.91792877e-07 
7445.499878 3.69003530e-07 
7455.499878 3.60251669e-07 
7465.499878 3.73013539e-07 
7475.499878 3.70788472e-07 
7485.499878 4.19868171e-07 
7495.499878 3.91336957e-07 
7505.499878 4.15615331e-07 
7515.499878 4.43676758e-07 
7525.499878 4.20780734e-07 
7535.499878 4.51299316e-07 
7545.499878 4.40791585e-07 
7555.499878 4.33929857e-07 
7565.499878 4.02858333e-07 
7575.499878 4.40076029e-07 
7585.499878 4.87633251e-07 
7595.499878 4.95025642e-07 
7605.499878 5.12133342e-07 
7615.499878 5.01405939e-07 
7625.499878 5.58055985e-07 
7635.499878 5.59472084e-07 
7645.499878 5.76408841e-07 
7655.499878 6.00961106e-07 
7665.499878 6.07635561e-07 
7675.499878 6.62376530e-07 
7685.499878 7.12059555e-07 
7695.499878 9.40775239e-07 
7705.499878 1.09158126e-06 
7715.499878 1.49527261e-06 
7725.499878 2.00110156e-06 
7735.499878 2.97996697e-06 
7745.499878 4.52914661e-06 
7755.499878 6.70780958e-06 
7765.499878 9.75939718e-06 
7775.499878 1.38475773e-05 
7785.499878 1.94844658e-05 
7795.499878 2.64450777e-05 
7805.499878 3.70851981e-05 
7815.499878 5.27949011e-05 
7825.499878 7.93500137e-05 
7835.499878 1.31259219e-04 
7845.499878 2.26687735e-04 
7855.499878 4.39802531e-04 
7865.499878 9.52514994e-04 
7875.499878 2.15415460e-03 
7885.499878 5.05523278e-03 
7895.499878 1.18249803e-02 
7905.499878 2.47679908e-02 
7915.499878 4.61122718e-02 
7925.499878 7.53093281e-02 
7935.499878 1.10833110e-01 
7945.499878 1.46066412e-01 
7955.499878 1.77711781e-01 
7965.499878 2.04225837e-01 
7975.499878 2.23796441e-01 
7985.499878 2.37706943e-01 
7995.499878 2.46547014e-01 
8005.499878 2.52726160e-01 
8015.499878 2.55757553e-01 
8025.499878 2.57009925e-01 
8035.499878 2.58121989e-01 
8045.499878 2.59458559e-01 
8055.499878 2.59922737e-01 
8065.499878 2.58233167e-01 
8075.499878 2.54173406e-01 
8085.499878 2.49374270e-01 
8095.499878 2.46141982e-01 
8105.499878 2.45567996e-01 
8115.499878 2.47291794e-01 
8125.499878 2.50328792e-01 
8135.499878 2.52372736e-01 
8145.499878 2.54625703e-01 
8155.499878 2.54013268e-01 
8165.499878 2.53825238e-01 
8175.499878 2.55487542e-01 
8185.499878 2.59720855e-01 
8195.499878 2.64054623e-01 
8205.499878 2.69804973e-01 
8215.499878 2.74039952e-01 
8225.499878 2.76038703e-01 
8235.499878 2.76685172e-01 
8245.499878 2.75909784e-01 
8255.499878 2.72809619e-01 
8265.499878 2.69814926e-01 
8275.499878 2.68290855e-01 
8285.499878 2.68086220e-01 
8295.499878 2.68901692e-01 
8305.499878 2.69685585e-01 
8315.499878 2.70436727e-01 
8325.499878 2.69925124e-01 
8335.499878 2.68266271e-01 
8345.499878 2.66374105e-01 
8355.499878 2.66613070e-01 
8365.499878 2.67517516e-01 
8375.499878 2.69443308e-01 
8385.499878 2.71870410e-01 
8395.499878 2.73754497e-01 
8405.499878 2.75517812e-01 
8415.499878 2.77234610e-01 
8425.499878 2.78850289e-01 
8435.499878 2.79900581e-01 
8445.499878 2.80880994e-01 
8455.499878 2.81101513e-01 
8465.499878 2.81429428e-01 
8475.499878 2.80087756e-01 
8485.499878 2.79663156e-01 
8495.499878 2.80945812e-01 
8505.499878 2.82078436e-01 
8515.499878 2.83732721e-01 
8525.499878 2.83234009e-01 
8535.499878 2.82762630e-01 
8545.499878 2.82301849e-01 
8555.499878 2.80535144e-01 
8565.499878 2.80503363e-01 
8575.499878 2.80645882e-01 
8585.499878 2.81372962e-01 
8595.499878 2.80825051e-01 
8605.499878 2.82106846e-01 
8615.499878 2.82271168e-01 
8625.499878 2.80977437e-01 
8635.499878 2.80484351e-01 
8645.499878 2.81972497e-01 
8655.499878 2.83018333e-01 
8665.499878 2.86856593e-01 
8675.499878 2.87708688e-01 
8685.499878 2.88108725e-01 
8695.499878 2.89766539e-01 
8705.499878 2.92154314e-01 
8715.499878 2.91143813e-01 
8725.499878 2.93598943e-01 
8735.499878 2.93784488e-01 
8745.499878 2.93987631e-01 
8755.499878 2.90922932e-01 
8765.499878 2.90404582e-01 
8775.499878 2.92619250e-01 
8785.499878 2.91302111e-01 
8795.499878 2.88007617e-01 
8805.499878 2.90677966e-01 
8815.499878 2.88565763e-01 
8825.499878 2.88830471e-01 
8835.499878 2.87949869e-01 
8845.499878 2.88705378e-01 
8855.499878 2.82986930e-01 
8865.499878 2.79556156e-01 
8875.499878 2.84077469e-01 
8885.499878 2.89879767e-01 
8895.499878 2.87649146e-01 
8905.499878 2.88547890e-01 
8915.499878 2.95068325e-01 
8925.499878 2.97364594e-01 
8935.499878 2.98350645e-01 
8945.499878 2.99433111e-01 
8955.499878 2.99774525e-01 
8965.499878 2.98400808e-01 
8975.499878 2.97633305e-01 
8985.499878 2.96623747e-01 
8995.499878 2.95460154e-01 
9005.499878 2.94205455e-01 
9015.499878 2.92191109e-01 
9025.499878 2.91246518e-01 
9035.499878 2.88891129e-01 
9045.499878 2.87256635e-01 
9055.499878 2.87902037e-01 
9065.499878 2.86544637e-01 
9075.499878 2.85333005e-01 
9085.499878 2.86953615e-01 
9095.499878 2.87975341e-01 
9105.499878 2.90271723e-01 
9115.499878 2.92103601e-01 
9125.499878 2.94522759e-01 
9135.499878 2.98088434e-01 
9145.499878 3.00278818e-01 
9155.499878 3.03097230e-01 
9165.499878 3.07357936e-01 
9175.499878 3.08524750e-01 
9185.499878 3.11216209e-01 
9195.499878 3.11893883e-01 
9205.499878 3.11635199e-01 
9215.499878 3.12311403e-01 
9225.499878 3.11382295e-01 
9235.499878 3.10356216e-01 
9245.499878 3.07429208e-01 
9255.499878 3.06420612e-01 
9265.499878 3.04745354e-01 
9275.499878 3.03041612e-01 
9285.499878 3.01991554e-01 
9295.499878 3.02140887e-01 
9305.499878 3.01752116e-01 
9315.499878 3.02123372e-01 
9325.499878 3.02089718e-01 
9335.499878 3.01571990e-01 
9345.499878 3.01656866e-01 
9355.499878 3.01341550e-01 
9365.499878 3.01037997e-01 
9375.499878 3.01058586e-01 
9385.499878 3.00573480e-01 
9395.499878 3.01464509e-01 
9405.499878 3.03308071e-01 
9415.499878 3.04446114e-01 
9425.499878 3.06386766e-01 
9435.499878 3.07536790e-01 
9445.499878 3.09467601e-01 
9455.499878 3.10174481e-01 
9465.499878 3.10929166e-01 
9475.499878 3.10070477e-01 
9485.499878 3.09485123e-01 
9495.499878 3.09394204e-01 
9505.499878 3.08615625e-01 
9515.499878 3.09269348e-01 
9525.499878 3.06760992e-01 
9535.499878 3.06154605e-01 
9545.499878 3.04627283e-01 
9555.499878 3.04207868e-01 
9565.499878 3.03434213e-01 
9575.499878 3.02684646e-01 
9585.499878 3.03748599e-01 
9595.499878 3.03768338e-01 
9605.499878 3.03978494e-01 
9615.499878 3.05037010e-01 
9625.499878 3.06889627e-01 
9635.499878 3.08820381e-01 
9645.499878 3.11015152e-01 
9655.499878 3.12206081e-01 
9665.499878 3.13028891e-01 
9675.499878 3.14075814e-01 
9685.499878 3.14974311e-01 
9695.499878 3.16199114e-01 
9705.499878 3.15410728e-01 
9715.499878 3.15388032e-01 
9725.499878 3.15117273e-01 
9735.499878 3.14711215e-01 
9745.499878 3.12709370e-01 
9755.499878 3.13574514e-01 
9765.499878 3.11187819e-01 
9775.499878 3.09907520e-01 
9785.499878 3.08291421e-01 
9795.499878 3.06710073e-01 
9805.499878 3.04711562e-01 
9815.499878 3.05696688e-01 
9825.499878 3.06183626e-01 
9835.499878 3.07596127e-01 
9845.499878 3.09569059e-01 
9855.499878 3.12723710e-01 
9865.499878 3.14161233e-01 
9875.499878 3.16455520e-01 
9885.499878 3.17666208e-01 
9895.499878 3.18556201e-01 
9905.499878 3.18640622e-01 
9915.499878 3.17831110e-01 
9925.499878 3.17635950e-01 
9935.499878 3.16088022e-01 
9945.499878 3.14617415e-01 
9955.499878 3.15024741e-01 
9965.499878 3.13987406e-01 
9975.499878 3.13061320e-01 
9985.499878 3.10232734e-01 
9995.499878 3.05343169e-01 
10005.499878 2.94381935e-01 
10015.499878 2.76221916e-01 
10025.499878 2.48347102e-01 
10035.499878 2.12298850e-01 
10045.499878 1.76326049e-01 
10055.499878 1.42877784e-01 
10065.499878 1.17625281e-01 
10075.499878 9.47823345e-02 
10085.499878 7.86192110e-02 
10095.499878 6.39845228e-02 
10105.499878 5.45174978e-02 
10115.499878 4.57010831e-02 
10125.499878 3.98271356e-02 
10135.499878 3.37932463e-02 
10145.499878 2.98046874e-02 
10155.499878 2.54382399e-02 
10165.499878 2.24467457e-02 
10175.499878 1.90196417e-02 
10185.499878 1.59849461e-02 
10195.499878 1.28547163e-02 
10205.499878 9.94404912e-03 
10215.499878 7.43093708e-03 
10225.499878 5.35874085e-03 
10235.499878 3.97775713e-03 
10245.500488 2.79577493e-03 
10255.500488 1.98720451e-03 
10265.500488 1.39312328e-03 
10275.500488 1.00152016e-03 
10285.500488 7.28243885e-04 
10295.500488 5.20279576e-04 
10305.500488 4.00251756e-04 
10315.500488 2.96009879e-04 
10325.500488 2.24476072e-04 
10335.500488 1.70044703e-04 
10345.500488 1.31880665e-04 
10355.500488 1.01062645e-04 
10365.500488 8.02580180e-05 
10375.500488 6.44383580e-05 
10385.500488 5.03988644e-05 
10395.500488 4.15584132e-05 
10405.500488 3.36508018e-05 
10415.500488 2.74848427e-05 
10425.500488 2.25421217e-05 
10435.500488 1.87490930e-05 
10445.500488 1.61005660e-05 
10455.500488 1.33437689e-05 
10465.500488 1.15805379e-05 
10475.500488 1.03408773e-05 
10485.500488 8.54492475e-06 
10495.500488 8.09782126e-06 
10505.500488 7.12412777e-06 
10515.500488 6.36584780e-06 
10525.500488 5.70384692e-06 
10535.500488 5.20508966e-06 
10545.500488 4.02865436e-06 
10555.500488 4.68471234e-06 
10565.500488 4.77354845e-06 
10575.500488 4.00421647e-06 
10585.500488 4.06849057e-06 
10595.500488 3.63070676e-06 
10605.500488 3.41727300e-06 
10615.500488 3.40769980e-06 
10625.500488 3.34742677e-06 
10635.500488 2.67113022e-06 
10645.500488 3.01296759e-06 
10655.500488 2.61534711e-06 
10665.500488 3.59600177e-06 
10675.500488 2.71835737e-06 
10685.500488 3.27790034e-06 
10695.500488 2.80025113e-06 
10705.500488 2.96646588e-06 
10715.500488 2.46945111e-06 
10725.500488 2.84185460e-06 
10735.500488 2.89416885e-06 
10745.500488 2.97438293e-06 
10755.500488 1.93427896e-06 
10765.500488 3.47929027e-06 
10775.500488 2.24211608e-06 
10785.500488 2.59695898e-06 
10795.500488 2.75369468e-06 
10805.500488 3.25545519e-06 
10815.500488 2.54915307e-06 
10825.500488 2.23859519e-06 
10835.500488 2.14538474e-06 
10845.500488 2.60350280e-06 
10855.500488 2.15686840e-06 
10865.500488 2.39985789e-06 
10875.500488 2.69215402e-06 
10885.500488 2.02326895e-06 
10895.500488 3.13435077e-06 
10905.500488 2.39466943e-06 
10915.500488 2.03133535e-06 
10925.500488 1.99328350e-06 
10935.500488 2.76768135e-06 
10945.500488 2.56534919e-06 
10955.500488 2.03735055e-06 
10965.500488 2.14617847e-06 
10975.500488 3.01658851e-06 
10985.500488 2.22847191e-06 
10995.500488 1.94010730e-06 
11005.500488 2.16293930e-06 
11015.500488 2.66933832e-06 
11025.500488 2.53999057e-06 
11035.500488 1.63218922e-06 
11045.500488 2.28541195e-06 
11055.500488 2.10943400e-06 
11065.500488 1.88505390e-06 
11075.500488 2.04602129e-06 
11085.500488 2.29809305e-06 
11095.500488 2.08293936e-06 
11105.500488 2.91068923e-06 
11115.500488 1.79414724e-06 
11125.500488 2.91906382e-06 
11135.500488 2.26058792e-06 
11145.500488 2.31707472e-06 
11155.500488 2.30146126e-06 
11165.500488 2.61149681e-06 
11175.500488 2.85601759e-06 
11185.500488 2.40562701e-06 
11195.500488 2.54102762e-06 
11205.500488 2.49433495e-06 
11215.500488 2.94862724e-06 
11225.500488 2.75748009e-06 
11235.500488 1.85016556e-06 
11245.500488 2.24796561e-06 
11255.500488 2.19664627e-06 
11265.500488 2.25183498e-06 
11275.500488 2.38904902e-06 
11285.500488 2.20565092e-06 
11295.500488 3.48310536e-06 
11305.500488 2.55178267e-06 
11315.500488 2.22164363e-06 
11325.500488 2.21008840e-06 
11335.500488 2.20467906e-06 
11345.500488 2.45781854e-06 
11355.500488 2.94663966e-06 
11365.500488 2.11759408e-06 
11375.500488 2.48639654e-06 
11385.500488 2.82903212e-06 
11395.500488 2.22227288e-06 
11405.500488 2.84901750e-06 
11415.500488 2.08068950e-06 
11425.500488 2.93329556e-06 
11435.500488 2.58386520e-06 
11445.500488 2.45103293e-06 
11455.500488 2.21736642e-06 
11465.500488 2.33905900e-06 
11475.500488 2.16310362e-06 
11485.500488 2.66177838e-06 
11495.500488 2.40111019e-06 
11505.500488 2.49461675e-06 
11515.500488 2.31672598e-06 
11525.500488 2.78144717e-06 
11535.500488 2.57588446e-06 
11545.500488 2.39989778e-06 
11555.500488 2.83399002e-06 
11565.500488 1.93238001e-06 
11575.500488 2.89795234e-06 
11585.500488 2.44252557e-06 
11595.500488 2.66814520e-06 
11605.500488 2.37177293e-06 
11615.500488 2.37259226e-06 
11625.500488 2.29375752e-06 
11635.500488 2.55473060e-06 
11645.500488 2.47012875e-06 
11655.500488 2.49827459e-06 
11665.500488 2.70192575e-06 
11675.500488 2.39912569e-06 
11685.500488 2.42682808e-06 
11695.500488 2.10681283e-06 
11705.500488 2.68474781e-06 
11715.500488 1.89737215e-06 
11725.500488 3.05179824e-06 
11735.500488 3.13549446e-06 
11745.500488 2.14272171e-06 
11755.500488 2.33201320e-06 
11765.500488 2.53193848e-06 
11775.500488 2.54520766e-06 
11785.500488 2.16989984e-06 
11795.500488 2.37680766e-06 
11805.500488 2.10832438e-06 
11815.500488 2.11952927e-06 
11825.500488 2.39379669e-06 
11835.500488 2.60512009e-06 
11845.500488 2.02251317e-06 
11855.500488 2.24437642e-06 
11865.500488 2.18275345e-06 
11875.500488 2.46201922e-06 
11885.500488 2.63052882e-06 
11895.500488 2.35008939e-06 
11905.500488 2.75883226e-06 
11915.500488 2.36548044e-06 
11925.500488 2.95460173e-06 
11935.500488 2.18324975e-06 
11945.500488 2.11083757e-06 
11955.500488 2.52186470e-06 
11965.500488 2.10353262e-06 
11975.500488 2.62304608e-06 
11985.500488 2.04667529e-06 
11995.500488 2.54992919e-06 
12005.500488 2.29497105e-06 
12015.500488 2.42518003e-06 
12025.500488 2.55043856e-06 
12035.500488 2.34049189e-06 
12045.500488 2.17554021e-06 
12055.500488 1.96056657e-06 
12065.500488 2.03928568e-06 
12075.500488 2.65452716e-06 
12085.500488 2.10678513e-06 
12095.500488 2.53626962e-06 
12105.500488 2.22339367e-06 
12115.500488 2.47759067e-06 
12125.500488 2.23945065e-06 
12135.500488 2.50472433e-06 
12145.500488 2.15001896e-06 
12155.500488 2.19499968e-06 
12165.500488 2.83446811e-06 
12175.500488 2.18462950e-06 
12185.500488 1.99303321e-06 
12195.500488 2.21584887e-06 
12205.500488 3.15678477e-06 
12215.500488 2.36515597e-06 
12225.500488 2.57497150e-06 
12235.500488 2.46399500e-06 
12245.500488 2.24596260e-06 
12255.500488 2.29122987e-06 
12265.500488 2.24668315e-06 
12275.500488 2.17467196e-06 
12285.500488 2.41089482e-06 
12295.500488 2.18247784e-06 
12305.500488 2.62666900e-06 
12315.500488 1.77954707e-06 
12325.500488 2.61314303e-06 
12335.500488 2.08390082e-06 
12345.500488 2.58488320e-06 
12355.500488 2.57035070e-06 
12365.500488 2.21242688e-06 
12375.500488 1.90291091e-06 
12385.500488 2.11850098e-06 
12395.500488 2.88594813e-06 
12405.500488 2.79674077e-06 
12415.500488 2.86725646e-06 
12425.500488 3.09583176e-06 
12435.500488 2.01018935e-06 
12445.500488 2.44317727e-06 
12455.500488 3.00325810e-06 
12465.500488 2.48014641e-06 
12475.500488 2.04937893e-06 
12485.500488 3.12454459e-06 
12495.500488 2.77917642e-06 
12505.500488 2.89691972e-06 
12515.500488 2.29519633e-06 
12525.500488 2.69993004e-06 
12535.500488 1.91761311e-06 
12545.500488 2.24742524e-06 
12555.500488 2.37751320e-06 
12565.500488 2.40506967e-06 
12575.500488 2.81538108e-06 
12585.500488 2.49685110e-06 
12595.500488 2.32489090e-06 
12605.500488 2.53041319e-06 
12615.500488 2.81672657e-06 
12625.500488 2.45484570e-06 
12635.500488 2.07055704e-06 
12645.500488 1.76529014e-06 
12655.500488 2.98392252e-06 
12665.500488 2.78865501e-06 
12675.500488 2.66156721e-06 
12685.500488 2.23795821e-06 
12695.500488 2.64990542e-06 
12705.500488 2.46769127e-06 
12715.500488 2.93494774e-06 
12725.500488 2.86496941e-06 
12735.500488 2.34638490e-06 
12745.500488 2.52235207e-06 
12755.500488 2.65302352e-06 
12765.500488 2.37853325e-06 
12775.500488 2.92356676e-06 
12785.500488 2.60372847e-06 
12795.500488 2.57655255e-06 
12805.500488 3.11320396e-06 
12815.500488 3.54186164e-06 
12825.500488 2.64089902e-06 
12835.500488 2.54492167e-06 
12845.500488 2.73764946e-06 
12855.500488 3.31234975e-06 
12865.500488 2.82031481e-06 
12875.500488 3.00035759e-06 
12885.500488 3.45089046e-06 
12895.500488 3.61274825e-06 
12905.500488 3.38353263e-06 
12915.500488 3.43301954e-06 
12925.500488 3.24873806e-06 
12935.500488 3.27288287e-06 
12945.500488 2.78337042e-06 
12955.500488 3.18781346e-06 
12965.500488 3.59672850e-06 
12975.500488 3.31379084e-06 
12985.500488 3.21274858e-06 
12995.500488 3.99787648e-06 
13005.500488 3.89423269e-06 
13015.500488 3.15843103e-06 
13025.500488 3.58606959e-06 
13035.500488 3.51824991e-06 
13045.500488 3.45948506e-06 
13055.500488 3.24366087e-06 
13065.500488 3.16450943e-06 
13075.500488 3.58359143e-06 
13085.500488 3.76160811e-06 
13095.500488 3.35679406e-06 
13105.500488 3.41496838e-06 
13115.500488 3.21032405e-06 
13125.500488 3.48934362e-06 
13135.500488 3.32001526e-06 
13145.500488 3.63229635e-06 
13155.500488 2.96701082e-06 
13165.500488 3.20455689e-06 
13175.500488 3.35237545e-06 
13185.500488 3.33671797e-06 
13195.500488 3.61160990e-06 
13205.500488 3.69122673e-06 
13215.500488 3.63156501e-06 
13225.500488 3.73252048e-06 
13235.500488 2.77783304e-06 
13245.500488 3.27539855e-06 
13255.500488 3.82905506e-06 
13265.500488 3.18541301e-06 
13275.500488 3.19637560e-06 
13285.500488 3.09949102e-06 
13295.500488 3.66549352e-06 
13305.500488 2.90645995e-06 
13315.500488 3.02430632e-06 
13325.500488 2.86824108e-06 
13335.500488 3.75942155e-06 
13345.500488 3.34986617e-06 
13355.500488 2.91422652e-06 
13365.500488 3.32171206e-06 
13375.500488 3.74302716e-06 
13385.500488 3.77901646e-06 
13395.500488 3.58969731e-06 
13405.500488 2.93981421e-06 
13415.500488 3.39434766e-06 
13425.500488 3.21534263e-06 
13435.500488 3.66189123e-06 
13445.500488 3.75965850e-06 
13455.500488 2.75720968e-06 
13465.500488 3.65153336e-06 
13475.500488 3.73924324e-06 
13485.500488 3.24063916e-06 
13495.500488 2.89899766e-06 
13505.500488 3.82498448e-06 
13515.500488 3.59939822e-06 
13525.500488 3.70926149e-06 
13535.500488 4.08189345e-06 
13545.500488 2.51217184e-06 
13555.500488 3.86548282e-06 
13565.500488 3.53238568e-06 
13575.500488 4.03953967e-06 
13585.500488 3.43173065e-06 
13595.500488 3.54843338e-06 
13605.500488 2.79970862e-06 
13615.500488 3.66116718e-06 
13625.500488 3.65751315e-06 
13635.500488 3.16168238e-06 
13645.500488 3.87825622e-06 
13655.500488 2.96839845e-06 
13665.500488 3.60777649e-06 
13675.500488 3.45380186e-06 
13685.500488 3.33312410e-06 
13695.500488 3.31817816e-06 
13705.500488 3.69669773e-06 
13715.500488 3.33067027e-06 
13725.500488 3.40748829e-06 
13735.500488 3.49907094e-06 
13745.500488 3.10558712e-06 
13755.500488 3.74529106e-06 
13765.500488 4.00859663e-06 
13775.500488 4.15392939e-06 
13785.500488 3.64513550e-06 
13795.500488 3.25878644e-06 
13805.500488 3.73852942e-06 
13815.500488 4.14487179e-06 
13825.500488 3.40150648e-06 
13835.500488 3.80385224e-06 
13845.500488 3.93534696e-06 
13855.500488 3.26256026e-06 
13865.500488 4.09326693e-06 
13875.500488 3.64628497e-06 
13885.500488 2.91937524e-06 
13895.500488 3.71282197e-06 
13905.500488 3.67723196e-06 
13915.500488 3.74413746e-06 
13925.500488 3.74774081e-06 
13935.500488 3.86993546e-06 
13945.500488 3.80895482e-06 
13955.500488 4.13223312e-06 
13965.500488 3.69604439e-06 
13975.500488 3.40668760e-06 
13985.500488 4.01661028e-06 
13995.500488 3.88672311e-06 
14005.500488 3.84317165e-06 
14015.500488 3.91360322e-06 
14025.500488 3.17844174e-06 
14035.500488 3.01289351e-06 
14045.500488 3.09638794e-06 
14055.500488 3.68494042e-06 
14065.500488 4.38248661e-06 
14075.500488 3.04350895e-06 
14085.500488 3.25918046e-06 
14095.500488 3.25509109e-06 
14105.500488 3.35377606e-06 
14115.500488 4.13316579e-06 
14125.500488 2.53751836e-06 
14135.500488 3.54793161e-06 
14145.500488 4.17706441e-06 
14155.500488 3.87923981e-06 
14165.500488 3.04754817e-06 
14175.500488 3.66977390e-06 
14185.500488 3.68024689e-06 
14195.500488 3.92550509e-06 
14205.500488 3.41174158e-06 
14215.500488 3.08807325e-06 
14225.500488 3.83262237e-06 
14235.500488 3.64350610e-06 
14245.500488 4.13827353e-06 
14255.500488 2.75633715e-06 
14265.500488 4.36548440e-06 
14275.500488 3.01002144e-06 
14285.500488 3.75691640e-06 
14295.500488 3.57623755e-06 
14305.500488 3.80607880e-06 
14315.500488 3.13579881e-06 
14325.500488 3.76401987e-06 
14335.500488 3.56326151e-06 
14345.500488 2.82837499e-06 
14355.500488 4.22475242e-06 
14365.500488 3.26786791e-06 
14375.500488 3.92512965e-06 
14385.500488 2.81736464e-06 
14395.500488 3.50326735e-06 
14405.500488 3.55165845e-06 
14415.500488 4.16791417e-06 
14425.500488 3.25241350e-06 
14435.500488 3.47264042e-06 
14445.500488 4.00555305e-06 
14455.500488 2.79815287e-06 
14465.500488 4.05586209e-06 
14475.500488 3.28938090e-06 
14485.500488 3.61964923e-06 
14495.500488 3.17029152e-06 
14505.500488 2.71538912e-06 
14515.500488 3.57914106e-06 
14525.500488 3.67508465e-06 
14535.500488 3.81437669e-06 
14545.500488 2.91608185e-06 
14555.500488 4.01978413e-06 
14565.500488 4.34382161e-06 
14575.500488 3.65419836e-06 
14585.500488 3.60038265e-06 
14595.500488 3.73162244e-06 
14605.500488 3.79179619e-06 
14615.500488 4.12286366e-06 
14625.500488 3.56023612e-06 
14635.500488 3.28085310e-06 
14645.500488 4.78830347e-06 
14655.500488 3.82838061e-06 
14665.500488 3.25882873e-06 
14675.500488 4.26463911e-06 
14685.500488 3.98114987e-06 
14695.500488 3.47827398e-06 
14705.500488 3.66559419e-06 
14715.500488 4.18031455e-06 
14725.500488 4.19507603e-06 
14735.500488 3.80779705e-06 
14745.500488 4.03900620e-06 
14755.500488 4.37590895e-06 
14765.500488 3.42803722e-06 
14775.500488 4.28363414e-06 
14785.500488 4.59631824e-06 
14795.500488 3.53422396e-06 
14805.500488 5.19293948e-06 
14815.500488 4.72687847e-06 
14825.500488 3.96620439e-06 
14835.500488 4.73176564e-06 
14845.500488 4.84603185e-06 
14855.500488 3.47709675e-06 
14865.500488 4.41644909e-06 
14875.500488 5.43698684e-06 
14885.500488 4.75294611e-06 
14895.500488 5.40045741e-06 
14905.500488 5.17025665e-06 
14915.500488 4.94055519e-06 
14925.500488 5.02279387e-06 
14935.500488 4.34669578e-06 
14945.500488 5.73812686e-06 
14955.500488 4.27283271e-06 
14965.500488 4.95246075e-06 
14975.500488 3.79993913e-06 
14985.500488 4.50637816e-06 
14995.500488 4.06373784e-06 
15005.500488 4.60138839e-06 
15015.500488 3.83654951e-06 
15025.500488 4.32601046e-06 
15035.500488 4.48405626e-06 
15045.500488 4.43652163e-06 
15055.500488 4.24719068e-06 
15065.500488 3.92614124e-06 
15075.500488 4.56711503e-06 
15085.500488 4.79115657e-06 
15095.500488 4.70640963e-06 
15105.500488 3.79118054e-06 
15115.500488 4.53548771e-06 
15125.500488 3.88548755e-06 
15135.500488 4.26548500e-06 
15145.500488 3.93558191e-06 
15155.500488 4.83382615e-06 
15165.500488 4.28898397e-06 
15175.500488 4.29062367e-06 
15185.500488 4.52353568e-06 
15195.500488 4.46911793e-06 
15205.500488 3.95262461e-06 
15215.500488 4.32241099e-06 
15225.500488 4.78560773e-06 
15235.500488 4.08506423e-06 
15245.500488 4.11000844e-06 
15255.500488 4.57041920e-06 
15265.500488 4.40466256e-06 
15275.500488 3.92834228e-06 
15285.500488 5.48215977e-06 
15295.500488 4.42597416e-06 
15305.500488 4.45710596e-06 
15315.500488 4.04900666e-06 
15325.500488 4.93997475e-06 
15335.500488 4.40500441e-06 
15345.500488 4.18139195e-06 
15355.500488 4.19197805e-06 
15365.500488 4.99062132e-06 
15375.500488 4.86452928e-06 
15385.500488 4.18133787e-06 
15395.500488 4.26705138e-06 
15405.500488 4.24127954e-06 
15415.500488 5.37839293e-06 
15425.500488 3.75062261e-06 
15435.500488 4.37943891e-06 
15445.500488 4.67647631e-06 
15455.500488 4.19768796e-06 
15465.500488 4.97216634e-06 
15475.500488 4.75181216e-06 
15485.500488 5.90967222e-06 
15495.500488 4.24949652e-06 
15505.500488 3.47304345e-06 
15515.500488 4.97247491e-06 
15525.500488 4.07997209e-06 
15535.500488 4.01635810e-06 
15545.500488 4.12997326e-06 
15555.500488 4.86109165e-06 
15565.500488 4.26477702e-06 
15575.500488 5.69091843e-06 
15585.500488 4.84321498e-06 
15595.500488 4.41754161e-06 
15605.500488 5.41719503e-06 
15615.500488 4.84884844e-06 
15625.500488 5.44723593e-06 
15635.500488 5.48224300e-06 
15645.500488 5.20423535e-06 
15655.500488 5.47835593e-06 
15665.500488 4.49577526e-06 
15675.500488 5.11106255e-06 
15685.500488 4.65402816e-06 
15695.500488 4.79223824e-06 
15705.500488 4.89104840e-06 
15715.500488 4.12089127e-06 
15725.500488 5.93640115e-06 
15735.500488 4.48819760e-06 
15745.500488 5.28654429e-06 
15755.500488 4.84895617e-06 
15765.500488 6.08087953e-06 
15775.500488 4.58167219e-06 
15785.500488 5.34473689e-06 
15795.500488 6.05744483e-06 
15805.500488 5.11887308e-06 
15815.500488 4.89310127e-06 
15825.500488 5.79826321e-06 
15835.500488 5.40706389e-06 
15845.500488 5.14486251e-06 
15855.500488 5.91565869e-06 
15865.500488 5.47837456e-06 
15875.500488 5.55111319e-06 
15885.500488 4.44468906e-06 
15895.500488 5.82102551e-06 
15905.500488 5.96832036e-06 
15915.500488 4.39621483e-06 
15925.500488 4.87109242e-06 
15935.500488 3.81485463e-06 
15945.500488 4.84790654e-06 
15955.500488 5.26201695e-06 
15965.500488 5.17469317e-06 
15975.500488 5.25100734e-06 
15985.500488 5.49679153e-06 
15995.500488 5.48181340e-06 
16005.500488 5.49512314e-06 
16015.500488 4.35816276e-06 
16025.500488 5.50931181e-06 
16035.500488 4.02338897e-06 
16045.500488 6.02610003e-06 
16055.500488 4.43467323e-06 
16065.500488 6.08302211e-06 
16075.500488 4.91775735e-06 
16085.500488 5.07946966e-06 
16095.500488 4.38116148e-06 
16105.500488 6.43957779e-06 
16115.500488 6.89789348e-06 
16125.500488 4.64662530e-06 
16135.500488 4.62868444e-06 
16145.500488 6.00559382e-06 
16155.500488 6.44621538e-06 
16165.500488 4.91134936e-06 
16175.500488 4.35586083e-06 
16185.500488 5.95071452e-06 
16195.500488 6.53085858e-06 
16205.500488 5.20233292e-06 
16215.500488 4.93215670e-06 
16225.500488 5.65749238e-06 
16235.500488 5.21128425e-06 
16245.500488 5.35589273e-06 
16255.500488 5.76548567e-06 
16265.500488 5.74860809e-06 
16275.500488 5.93385146e-06 
16285.500488 4.67765956e-06 
16295.500488 5.56140834e-06 
16305.500488 5.41678213e-06 
16315.500488 5.78384131e-06 
16325.500488 6.07572220e-06 
16335.500488 5.26075179e-06 
16345.500488 6.39830486e-06 
16355.500488 5.33856027e-06 
16365.500488 6.75171971e-06 
16375.500488 5.54426315e-06 
16385.500488 5.32799461e-06 
16395.500488 4.58808862e-06 
16405.500488 5.47007897e-06 
16415.500488 5.45341634e-06 
16425.500488 5.42543613e-06 
16435.500488 6.90805943e-06 
16445.500488 5.27077921e-06 
16455.500488 6.48043837e-06 
16465.500488 6.46593557e-06 
16475.500488 6.16741433e-06 
16485.500488 6.46153226e-06 
16495.500488 5.64315373e-06 
16505.500488 7.36529386e-06 
16515.500488 6.74115024e-06 
16525.500488 6.81027696e-06 
16535.500488 5.46429807e-06 
16545.500488 8.17589333e-06 
16555.500488 6.69511816e-06 
16565.500488 5.16913499e-06 
16575.500488 5.36863863e-06 
16585.500488 5.88848352e-06 
16595.500488 5.96865080e-06 
16605.500488 6.71010645e-06 
16615.500488 5.94419874e-06 
16625.500488 5.71514732e-06 
16635.500488 5.18098357e-06 
16645.500488 7.04814582e-06 
16655.500488 4.85376879e-06 
16665.500488 5.59568499e-06 
16675.500488 5.25426000e-06 
16685.500488 5.34869802e-06 
16695.500488 4.72688537e-06 
16705.500488 5.09868406e-06 
16715.500488 6.02345196e-06 
16725.500488 7.20433995e-06 
16735.500488 5.53337903e-06 
16745.500488 5.75102928e-06 
16755.500488 4.93631555e-06 
16765.500488 6.67119770e-06 
16775.500488 6.21374996e-06 
16785.500488 6.73714974e-06 
16795.500488 7.74749442e-06 
16805.500488 4.14210523e-06 
16815.500488 5.54343906e-06 
16825.500488 6.54730031e-06 
16835.500488 6.36521911e-06 
16845.500488 6.41700540e-06 
16855.500488 5.09175233e-06 
16865.500488 6.81754151e-06 
16875.500488 5.07839693e-06 
16885.500488 4.96785246e-06 
16895.500488 7.15800221e-06 
16905.500488 6.52738786e-06 
16915.500488 4.60608094e-06 
16925.500488 7.06748672e-06 
16935.500488 4.91552734e-06 
16945.500488 7.07403078e-06 
16955.500488 6.41553303e-06 
16965.500488 6.98338484e-06 
16975.500488 5.90070163e-06 
16985.500488 4.93055531e-06 
16995.500488 7.16074623e-06 
17005.500488 5.78198976e-06 
17015.500488 5.83221893e-06 
17025.500488 5.34216268e-06 
17035.500488 6.28478544e-06 
17045.500488 5.27789423e-06 
17055.500488 6.37159027e-06 
17065.500488 6.34941902e-06 
17075.500488 5.91506335e-06 
17085.500488 5.12934390e-06 
17095.500488 7.71188052e-06 
17105.500488 6.34210792e-06 
17115.500488 5.28919081e-06 
17125.500488 6.34444045e-06 
17135.500488 5.92065145e-06 
17145.500488 6.60259988e-06 
17155.500488 6.96044794e-06 
17165.500488 4.89915070e-06 
17175.500488 5.95648997e-06 
17185.500488 4.66872015e-06 
17195.500488 5.38755581e-06 
17205.500488 6.91104641e-06 
17215.500488 6.37618462e-06 
17225.500488 6.49722310e-06 
17235.500488 6.86563495e-06 
17245.500488 5.94548357e-06 
17255.500488 7.18021935e-06 
17265.500488 7.43147876e-06 
17275.500488 5.75437176e-06 
17285.500488 8.73087725e-06 
17295.500488 7.63290584e-06 
17305.500488 6.12689395e-06 
17315.500488 6.99232898e-06 
17325.500488 7.42094350e-06 
17335.500488 6.41845048e-06 
17345.500488 7.66346007e-06 
17355.500488 8.15812748e-06 
17365.500488 7.46254396e-06 
17375.500488 8.51474081e-06 
17385.500488 8.13970201e-06 
17395.500488 6.81734010e-06 
17405.500488 9.57782574e-06 
17415.500488 7.60467766e-06 
17425.500488 7.69567154e-06 
17435.500488 6.62787056e-06 
17445.500488 7.77268424e-06 
17455.500488 8.08344234e-06 
17465.500488 7.56164950e-06 
17475.500488 7.82630765e-06 
17485.500488 9.68814135e-06 
17495.500488 7.73564713e-06 
17505.500488 7.23392545e-06 
17515.500488 6.99789197e-06 
17525.500488 6.44306604e-06 
17535.500488 8.72520847e-06 
17545.500488 6.69378304e-06 
17555.500488 9.05044685e-06 
17565.500488 6.66330092e-06 
17575.500488 8.82506151e-06 
17585.500488 6.99162626e-06 
17595.500488 9.17508774e-06 
17605.500488 6.41011936e-06 
17615.500488 6.78724665e-06 
17625.500488 6.00865206e-06 
17635.500488 7.96804930e-06 
17645.500488 7.14905240e-06 
17655.500488 7.64838553e-06 
17665.500488 7.79591886e-06 
17675.500488 7.53444458e-06 
17685.500488 6.82060711e-06 
17695.500488 6.35725035e-06 
17705.500488 8.56887178e-06 
17715.500488 7.07782172e-06 
17725.500488 7.70547340e-06 
17735.500488 7.75976813e-06 
17745.500488 6.48739666e-06 
17755.500488 8.94878951e-06 
17765.500488 7.69965430e-06 
17775.500488 7.82797205e-06 
17785.500488 9.56425128e-06 
17795.500488 8.03165948e-06 
17805.500488 7.86121385e-06 
17815.500488 7.36915217e-06 
17825.500488 9.33267977e-06 
17835.500488 8.33532599e-06 
17845.500488 7.11293364e-06 
17855.500488 8.39408467e-06 
17865.500488 8.78637169e-06 
17875.500488 8.28577089e-06 
17885.500488 7.14244151e-06 
17895.500488 6.84998215e-06 
17905.500488 7.22016582e-06 
17915.500488 8.72202070e-06 
17925.500488 7.08245341e-06 
17935.500488 8.15249952e-06 
17945.500488 6.57398521e-06 
17955.500488 8.04593336e-06 
17965.500488 8.73610777e-06 
17975.500488 7.13528776e-06 
17985.500488 8.58706121e-06 
17995.500488 9.69895063e-06 
18005.500488 6.46228107e-06 
18015.500488 8.23814638e-06 
18025.500488 8.17204200e-06 
18035.500488 9.16606827e-06 
18045.500488 7.42919336e-06 
18055.500488 8.97000255e-06 
18065.500488 8.19771496e-06 
18075.500488 9.08833383e-06 
18085.500488 9.43593713e-06 
18095.500488 9.00726275e-06 
18105.500488 1.10516210e-05 
18115.500488 8.77988310e-06 
18125.500488 1.01673835e-05 
18135.500488 9.35144375e-06 
18145.500488 1.11730615e-05 
18155.500488 1.09447879e-05 
18165.500488 8.91840863e-06 
18175.500488 9.13867642e-06 
18185.500488 9.83414112e-06 
18195.500488 1.11768652e-05 
18205.500488 8.44591309e-06 
18215.500488 9.60769420e-06 
18225.500488 9.71117842e-06 
18235.500488 1.33628372e-05 
18245.500488 8.58531792e-06 
18255.500488 1.09132082e-05 
18265.500488 7.94634209e-06 
18275.500488 1.09947927e-05 
18285.500488 1.07226289e-05 
18295.500488 8.64082121e-06 
18305.500488 1.18158377e-05 
18315.500488 1.17262306e-05 
18325.500488 1.37255119e-05 
18335.500488 9.91639389e-06 
18345.500488 9.34996375e-06 
18355.500488 1.29139469e-05 
18365.500488 1.15880655e-05 
18375.500488 1.04821085e-05 
18385.500488 9.77144402e-06 
18395.500488 1.24192033e-05 
18405.500488 1.30203858e-05 
18415.500488 8.98673963e-06 
18425.500488 9.24455249e-06 
18435.500488 1.15230596e-05 
18445.500488 1.17537012e-05 
18455.500488 1.26955929e-05 
18465.500488 1.32373231e-05 
18475.500488 1.22389929e-05 
18485.500488 1.00723364e-05 
18495.500488 1.42543893e-05 
18505.500488 8.96042812e-06 
18515.500488 1.21142294e-05 
18525.500488 1.23032109e-05 
18535.500488 1.22576143e-05 
18545.500488 1.05374909e-05 
18555.500488 1.07834208e-05 
18565.500488 1.29750385e-05 
18575.500488 1.01866844e-05 
18585.500488 1.16070797e-05 
18595.500488 1.32144567e-05 
18605.500488 1.10433247e-05 
18615.500488 9.13928851e-06 
18625.500488 1.36517954e-05 
18635.500488 1.29280637e-05 
18645.500488 1.08673959e-05 
18655.500488 9.41732911e-06 
18665.500488 1.16726699e-05 
18675.500488 1.18059861e-05 
18685.500488 1.17820091e-05 
18695.500488 1.12780953e-05 
18705.500488 1.00631952e-05 
18715.500488 1.22843937e-05 
18725.500488 1.27554947e-05 
18735.500488 1.08221517e-05 
18745.500488 1.19767945e-05 
18755.500488 1.41847186e-05 
18765.500488 1.42274175e-05 
18775.500488 1.03694398e-05 
18785.500488 1.38134529e-05 
18795.500488 1.16276213e-05 
18805.500488 1.14094100e-05 
18815.500488 1.04180970e-05 
18825.500488 1.03715982e-05 
18835.500488 1.05580203e-05 
18845.500488 1.11683321e-05 
18855.500488 1.22127264e-05 
18865.500488 1.18809363e-05 
18875.500488 1.17245815e-05 
18885.500488 1.15007086e-05 
18895.500488 1.22204781e-05 
18905.500488 1.36258346e-05 
18915.500488 1.17740605e-05 
18925.500488 1.19739169e-05 
18935.500488 1.28731731e-05 
18945.500488 1.16279609e-05 
18955.500488 1.18203106e-05 
18965.500488 1.12066296e-05 
18975.500488 1.12878501e-05 
18985.500488 1.25268450e-05 
18995.500488 1.43522067e-05 
19005.500488 1.14736365e-05 
19015.500488 1.00473475e-05 
19025.500488 1.13011210e-05 
19035.500488 1.19465392e-05 
19045.500488 1.16176730e-05 
19055.500488 1.11559565e-05 
19065.500488 1.30543902e-05 
19075.500488 1.20107576e-05 
19085.500488 1.22617983e-05 
19095.500488 1.27920029e-05 
19105.500488 1.51257745e-05 
19115.500488 1.19372886e-05 
19125.500488 1.41937710e-05 
19135.500488 1.29293655e-05 
19145.500488 1.36558360e-05 
19155.500488 1.35943676e-05 
19165.500488 1.21367894e-05 
19175.500488 1.38064304e-05 
19185.500488 1.23656245e-05 
19195.500488 1.19997444e-05 
19205.500488 1.62745733e-05 
19215.500488 1.27643079e-05 
19225.500488 1.48706083e-05 
19235.500488 1.24752607e-05 
19245.500488 1.23214510e-05 
19255.500488 1.31005714e-05 
19265.500488 1.49528327e-05 
19275.500488 1.33674036e-05 
19285.500488 1.22239073e-05 
19295.500488 1.59112463e-05 
19305.500488 1.63110356e-05 
19315.500488 1.50557419e-05 
19325.500488 1.02008239e-05 
19335.500488 1.39621251e-05 
19345.500488 1.42137758e-05 
19355.500488 1.23655700e-05 
19365.500488 1.20515228e-05 
19375.500488 1.25166656e-05 
19385.500488 1.08185459e-05 
19395.500488 1.54444623e-05 
19405.500488 1.29509053e-05 
19415.500488 1.32978290e-05 
19425.500488 1.12578471e-05 
19435.500488 1.29334471e-05 
19445.500488 1.44123341e-05 
19455.500488 1.09753989e-05 
19465.500488 1.07481892e-05 
19475.500488 1.39738947e-05 
19485.500488 1.21193673e-05 
19495.500488 1.35427719e-05 
19505.500488 1.30038495e-05 
19515.500488 1.19094174e-05 
19525.500488 1.30200525e-05 
19535.500488 1.15697786e-05 
19545.500488 1.43574118e-05 
19555.500488 1.38591977e-05 
19565.500488 1.63652165e-05 
19575.500488 1.29269913e-05 
19585.500488 1.37235667e-05 
19595.500488 1.27269386e-05 
19605.500488 1.37563558e-05 
19615.500488 1.21516040e-05 
19625.500488 1.21757374e-05 
19635.500488 1.15059365e-05 
19645.500488 1.33861099e-05 
19655.500488 1.10332077e-05 
19665.500488 1.39308868e-05 
19675.500488 1.29970292e-05 
19685.500488 1.12032263e-05 
19695.500488 1.64127655e-05 
19705.500488 1.19101627e-05 
19715.500488 1.42472734e-05 
19725.500488 1.31160106e-05 
19735.500488 1.41667514e-05 
19745.500488 1.05323721e-05 
19755.500488 1.29974870e-05 
19765.500488 1.23343248e-05 
19775.500488 1.40758833e-05 
19785.500488 1.02409390e-05 
19795.500488 1.44968493e-05 
19805.500488 1.61364919e-05 
19815.500488 1.00056674e-05 
19825.500488 1.28939123e-05 
19835.500488 1.15475171e-05 
19845.500488 1.46918333e-05 
19855.500488 9.64223762e-06 
19865.500488 1.25884626e-05 
19875.500488 1.28602381e-05 
19885.500488 1.44551002e-05 
19895.500488 8.79866803e-06 
19905.500488 1.20205246e-05 
19915.500488 1.24215771e-05 
19925.500488 1.64043061e-05 
19935.500488 1.20094709e-05 
19945.500488 1.18853378e-05 
19955.500488 1.38011351e-05 
19965.500488 1.10222476e-05 
19975.500488 1.43146813e-05 
19985.500488 1.23049971e-05 
19995.500488 1.39758931e-05 
20005.500488 1.38467915e-05 
20015.500488 1.21266900e-05 
20025.500488 1.22015442e-05 
20035.500488 1.36388664e-05 
20045.500488 1.59413261e-05 
20055.500488 1.42532970e-05 
20065.500488 1.22590312e-05 
20075.500488 1.16381593e-05 
20085.500488 1.34123988e-05 
20095.500488 1.50979954e-05 
20105.500488 1.51839795e-05 
20115.500488 1.27577128e-05 
20125.500488 1.24828799e-05 
20135.500488 1.47086538e-05 
20145.500488 1.14089064e-05 
20155.500488 1.41450265e-05 
20165.500488 1.46322196e-05 
20175.500488 1.20442313e-05 
20185.500488 1.67022937e-05 
20195.500488 1.17497986e-05 
20205.500488 1.95337760e-05 
20215.500488 8.68667275e-06 
20225.500488 1.60939090e-05 
20235.500488 1.04669057e-05 
20245.500488 1.37598518e-05 
20255.500488 1.31212704e-05 
20265.500488 1.48668494e-05 
20275.500488 1.62855054e-05 
20285.500488 1.43763177e-05 
20295.500488 1.51007046e-05 
20305.500488 1.17875976e-05 
20315.500488 1.46930174e-05 
20325.500488 1.33040591e-05 
20335.500488 1.52903031e-05 
20345.500488 1.11501066e-05 
20355.500488 1.41404713e-05 
20365.500488 1.16422421e-05 
20375.500488 1.31567048e-05 
20385.500488 1.64834652e-05 
20395.500488 1.63514426e-05 
20405.500488 1.37174518e-05 
20415.500488 1.40219153e-05 
20425.500488 1.35641902e-05 
20435.500488 1.51095347e-05 
20445.500488 1.28215537e-05 
20455.500488 1.35787063e-05 
20465.500488 1.56737482e-05 
20475.500488 1.56955783e-05 
20485.500488 1.73069100e-05 
20495.500488 1.40913997e-05 
20505.500488 1.61227318e-05 
20515.500488 1.48434083e-05 
20525.500488 1.41747761e-05 
20535.500488 1.70803772e-05 
20545.500488 1.97864585e-05 
20555.500488 1.38067192e-05 
20565.500488 1.18801995e-05 
20575.500488 1.41182089e-05 
20585.500488 1.41656699e-05 
20595.500488 1.24439267e-05 
20605.500488 1.30988773e-05 
20615.500488 1.46129308e-05 
20625.500488 1.46967019e-05 
20635.500488 1.88857912e-05 
20645.500488 1.52419160e-05 
20655.500488 1.26034395e-05 
20665.500488 1.71576960e-05 
20675.500488 1.81477531e-05 
20685.500488 1.41211903e-05 
20695.500488 1.70222081e-05 
20705.500488 1.55785155e-05 
20715.500488 1.61569197e-05 
20725.500488 1.33265782e-05 
20735.500488 1.37501091e-05 
20745.500488 1.57109463e-05 
20755.500488 1.15371336e-05 
20765.500488 1.57141501e-05 
20775.500488 1.34085083e-05 
20785.500488 2.09322894e-05 
20795.500488 1.22008389e-05 
20805.500488 1.86623627e-05 
20815.500488 2.03681294e-05 
20825.500488 1.37711048e-05 
20835.500488 1.32780785e-05 
20845.500488 1.55019418e-05 
20855.500488 1.65860878e-05 
20865.500488 1.34993662e-05 
20875.500488 1.20710192e-05 
20885.500488 1.85570216e-05 
20895.500488 1.23564296e-05 
20905.500488 1.41031785e-05 
20915.500488 1.68512956e-05 
20925.500488 1.80032432e-05 
20935.500488 1.64310234e-05 
20945.500488 1.91792852e-05 
20955.500488 1.54885387e-05 
20965.500488 2.24747236e-05 
20975.500488 1.44108886e-05 
20985.500488 1.48232289e-05 
20995.500488 2.02843603e-05 
21005.500488 1.60062025e-05 
21015.500488 1.73175690e-05 
21025.500488 1.78467872e-05 
21035.500488 2.01013063e-05 
21045.500488 1.44267527e-05 
21055.500488 1.81136837e-05 
21065.500488 2.28351291e-05 
21075.500488 1.63639690e-05 
21085.500488 1.75431486e-05 
21095.500488 1.83418077e-05 
21105.500488 2.03839834e-05 
21115.500488 1.50449289e-05 
21125.500488 1.89101703e-05 
21135.500488 1.50960381e-05 
21145.500488 1.77087493e-05 
21155.500488 2.00363112e-05 
21165.500488 2.10774658e-05 
21175.500488 1.61009467e-05 
21185.500488 1.70968356e-05 
21195.500488 1.72814936e-05 
21205.500488 1.64925716e-05 
21215.500488 1.67985271e-05 
21225.500488 2.32973694e-05 
21235.500488 2.17010283e-05 
21245.500488 2.11446631e-05 
21255.500488 1.96820087e-05 
21265.500488 1.82274577e-05 
21275.500488 1.72907175e-05 
21285.500488 1.51935084e-05 
21295.500488 2.05475400e-05 
21305.500488 1.49145599e-05 
21315.500488 1.58554867e-05 
21325.500488 1.88488548e-05 
21335.500488 1.78953503e-05 
21345.500488 1.86675667e-05 
21355.500488 2.25643024e-05 
21365.500488 2.20467834e-05 
21375.500488 2.28541773e-05 
21385.500488 2.18629668e-05 
21395.500488 1.43403192e-05 
21405.500488 2.19272482e-05 
21415.500488 1.78420517e-05 
21425.500488 2.27353929e-05 
21435.500488 1.80899326e-05 
21445.500488 1.71015550e-05 
21455.500488 1.89750515e-05 
21465.500488 2.37726036e-05 
21475.500488 1.56860062e-05 
21485.500488 1.84811821e-05 
21495.500488 2.15528350e-05 
21505.500488 1.72140926e-05 
21515.500488 1.94455013e-05 
21525.500488 2.40382497e-05 
21535.500488 1.76893925e-05 
21545.500488 2.46806340e-05 
21555.500488 2.16851003e-05 
21565.500488 1.95811164e-05 
21575.500488 1.98655644e-05 
21585.500488 2.08525937e-05 
21595.500488 1.90971889e-05 
21605.500488 1.85166990e-05 
21615.500488 2.24013561e-05 
21625.500488 1.80825684e-05 
21635.500488 2.08572179e-05 
21645.500488 1.61844603e-05 
21655.500488 2.47069760e-05 
21665.500488 2.18101686e-05 
21675.500488 1.95751602e-05 
21685.500488 2.12747318e-05 
21695.500488 1.86084751e-05 
21705.500488 2.02492007e-05 
21715.500488 2.80938306e-05 
21725.500488 1.43783599e-05 
21735.500488 2.31633947e-05 
21745.500488 2.18679817e-05 
21755.500488 1.82711621e-05 
21765.500488 1.55312717e-05 
21775.500488 2.10119588e-05 
21785.500488 2.03490200e-05 
21795.500488 2.19406249e-05 
21805.500488 1.90987764e-05 
21815.500488 2.01043730e-05 
21825.500488 1.77437386e-05 
21835.500488 1.95692423e-05 
21845.500488 2.28473787e-05 
21855.500488 2.37855643e-05 
21865.500488 1.40072379e-05 
21875.500488 1.67649173e-05 
21885.500488 2.15776492e-05 
21895.500488 2.25344912e-05 
21905.500488 1.73314099e-05 
21915.500488 1.97635352e-05 
21925.500488 2.21825452e-05 
21935.500488 2.31177991e-05 
21945.500488 1.90786263e-05 
21955.500488 1.68233017e-05 
21965.500488 1.94603432e-05 
21975.500488 1.84983071e-05 
21985.500488 2.12483952e-05 
21995.500488 1.90214418e-05 
22005.500488 2.97910216e-05 
22015.500488 2.25045033e-05 
22025.500488 3.24711325e-05 
22035.500488 1.73704509e-05 
22045.500488 2.48661729e-05 
22055.500488 2.80483946e-05 
22065.500488 2.46686606e-05 
22075.500488 2.55812263e-05 
22085.500488 2.80510833e-05 
22095.500488 1.90520168e-05 
22105.500488 2.55276726e-05 
22115.500488 3.24134335e-05 
22125.500488 2.86915014e-05 
22135.500488 2.71042227e-05 
22145.500488 2.84307095e-05 
22155.500488 2.56992511e-05 
22165.500488 2.73291711e-05 
22175.500488 2.10814861e-05 
22185.500488 3.12307647e-05 
22195.500488 2.80940020e-05 
22205.500488 2.22187658e-05 
22215.500488 2.66309396e-05 
22225.500488 2.67711240e-05 
22235.500488 3.32860723e-05 
22245.500488 2.43562825e-05 
22255.500488 3.01306108e-05 
22265.500488 2.54457357e-05 
22275.500488 2.76123631e-05 
22285.500488 2.46806226e-05 
22295.500488 2.39915501e-05 
22305.500488 3.53555596e-05 
22315.500488 2.93209246e-05 
22325.500488 2.64029733e-05 
22335.500488 3.20268646e-05 
22345.500488 2.28334239e-05 
22355.500488 3.23098652e-05 
22365.500488 3.73582302e-05 
22375.500488 2.79489420e-05 
22385.500488 2.89938544e-05 
22395.500488 3.95760290e-05 
22405.500488 2.98737246e-05 
22415.500488 3.22771477e-05 
22425.500488 3.83175394e-05 
22435.500488 3.29366386e-05 
22445.500488 3.79453194e-05 
22455.500488 4.08028256e-05 
22465.500488 3.40713945e-05 
22475.500488 3.08018450e-05 
22485.500488 3.77792156e-05 
22495.500488 3.04294443e-05 
22505.500488 3.91919671e-05 
22515.500488 3.10614369e-05 
22525.500488 3.35236860e-05 
22535.500488 4.01585255e-05 
22545.500488 3.05764034e-05 
22555.500488 3.95349164e-05 
22565.500488 4.52166262e-05 
22575.500488 4.63556154e-05 
22585.500488 2.88017170e-05 
22595.500488 3.37916055e-05 
22605.500488 4.04179593e-05 
22615.500488 4.14087664e-05 
22625.500488 2.88257051e-05 
22635.500488 3.69084478e-05 
22645.500488 4.00467981e-05 
22655.500488 3.47255071e-05 
22665.500488 3.60404959e-05 
22675.500488 3.93591278e-05 
22685.500488 3.46736304e-05 
22695.500488 3.06977690e-05 
22705.500488 2.77530539e-05 
22715.500488 3.89034750e-05 
22725.500488 4.04660367e-05 
22735.500488 2.92831591e-05 
22745.500488 3.33770296e-05 
22755.500488 2.95891419e-05 
22765.500488 2.65044027e-05 
22775.500488 3.88883717e-05 
22785.500488 2.40441847e-05 
22795.500488 2.90986344e-05 
22805.500488 2.72872490e-05 
22815.500488 2.74448824e-05 
22825.500488 2.43075978e-05 
22835.500488 2.62964944e-05 
22845.500488 2.09354625e-05 
22855.500488 2.31536315e-05 
22865.500488 1.88264624e-05 
22875.500488 2.59808852e-05 
22885.500488 2.47274674e-05 
22895.500488 2.09083227e-05 
22905.500488 2.06770241e-05 
22915.500488 1.87064033e-05 
22925.500488 2.10944492e-05 
22935.500488 2.16784929e-05 
22945.500488 1.92277327e-05 
22955.500488 1.86927990e-05 
22965.500488 1.99762706e-05 
22975.500488 1.69872461e-05 
22985.500488 1.79719915e-05 
22995.500488 1.61787813e-05 
23005.500488 1.88098978e-05 
23015.500488 1.51001505e-05 
23025.500488 1.63840916e-05 
23035.500488 1.60140626e-05 
23045.500488 1.56870515e-05 
23055.500488 1.24444761e-05 
23065.500488 1.61626765e-05 
23075.500488 1.48506361e-05 
23085.500488 1.49038492e-05 
23095.500488 1.36441152e-05 
23105.500488 1.50788103e-05 
23115.500488 1.35111045e-05 
23125.500488 9.57248638e-06 
23135.500488 1.30277240e-05 
23145.500488 1.35960000e-05 
23155.500488 1.03959194e-05 
23165.500488 1.08683027e-05 
23175.500488 1.27509660e-05 
23185.500488 1.05186175e-05 
23195.500488 1.06033848e-05 
23205.500488 1.06610589e-05 
23215.500488 1.30931940e-05 
23225.500488 8.70032720e-06 
23235.500488 9.89878362e-06 
23245.500488 9.93390523e-06 
23255.500488 9.68966680e-06 
23265.500488 8.84409936e-06 
23275.500488 7.89077091e-06 
23285.500488 8.16014430e-06 
23295.500488 7.89102826e-06 
23305.500488 8.86488083e-06 
23315.500488 7.14366223e-06 
23325.500488 7.32505508e-06 
23335.500488 6.71418205e-06 
23345.500488 6.38902038e-06 
23355.500488 5.64729310e-06 
23365.500488 6.70358020e-06 
23375.500488 6.25512447e-06 
23385.500488 5.79793506e-06 
23395.500488 4.62833466e-06 
23405.500488 4.96640174e-06 
23415.500488 5.60997413e-06 
23425.500488 5.05709912e-06 
23435.500488 4.30961116e-06 
23445.500488 5.45659131e-06 
23455.500488 5.37713889e-06 
23465.500488 5.23611746e-06 
23475.500488 5.13514881e-06 
23485.500488 6.07766047e-06 
23495.500488 4.84518294e-06 
23505.500488 4.15051321e-06 
23515.500488 5.99547901e-06 
23525.500488 5.53869396e-06 
23535.500488 6.16712170e-06 
23545.500488 4.25446736e-06 
23555.500488 5.25684741e-06 
23565.500488 4.89146849e-06 
23575.500488 4.74496523e-06 
23585.500488 5.44106965e-06 
23595.500488 5.09416710e-06 
23605.500488 4.61791693e-06 
23615.500488 4.67239984e-06 
23625.500488 4.25568329e-06 
23635.500488 4.21931871e-06 
23645.500488 4.03843901e-06 
23655.500488 3.43991503e-06 
23665.500488 3.27418817e-06 
23675.500488 3.12035042e-06 
23685.500488 2.97530468e-06 
23695.500488 2.66918262e-06 
23705.500488 2.32696218e-06 
23715.500488 2.02829987e-06 
23725.500488 1.84916869e-06 
23735.500488 1.56086930e-06 
23745.500488 1.30680278e-06 
23755.500488 1.63047957e-06 
23765.500488 1.54247762e-06 
23775.500488 1.48711043e-06 
23785.500488 1.49032858e-06 
23795.500488 1.52328902e-06 
23805.500488 1.54434179e-06 
23815.500488 1.39002477e-06 
23825.500488 1.35488188e-06 
23835.500488 1.25126042e-06 
23845.500488 1.22417826e-06 
23855.500488 1.18221609e-06 
23865.500488 1.12641627e-06 
23875.500488 1.12612724e-06 
23885.500488 1.07597256e-06 
23895.500488 1.01332733e-06 
23905.500488 9.85509594e-07 
23915.500488 9.39173698e-07 
23925.500488 9.32844218e-07 
23935.500488 8.79437273e-07 
23945.500488 8.56550716e-07 
23955.500488 7.62311896e-07 
23965.500488 7.36428525e-07 
23975.500488 7.45259500e-07 
23985.500488 6.97394121e-07 
23995.500488 6.27746812e-07 
24005.500488 6.24464157e-07 
24015.500488 5.62138914e-07 
24025.500488 5.49200360e-07 
24035.500488 4.91486958e-07 
24045.500488 4.53866116e-07 
24055.500488 4.31082186e-07 
24065.500488 4.09391793e-07 
24075.500488 3.49725277e-07 
24085.500488 3.36718162e-07 
24095.500488 3.07995427e-07 
24105.500488 2.73075220e-07 
24115.500488 2.53238738e-07 
24125.500488 2.28681070e-07 
24135.500488 1.99689432e-07 
24145.500488 1.81816603e-07 
24155.500488 1.63544865e-07 
24165.500488 1.46396566e-07 
24175.500488 1.31436243e-07 
24185.500488 1.20003496e-07 
24195.500488 1.07117773e-07 
24205.500488 9.53149834e-08 
24215.500488 8.63616569e-08 
24225.500488 7.72675089e-08 
24235.500488 6.93522975e-08 
24245.500488 6.23038138e-08 
24255.500488 5.64816873e-08 
24265.500488 5.17905122e-08 
24275.500488 4.74260887e-08 
24285.500488 4.32413993e-08 
24295.500488 3.81158326e-08 
24305.500488 3.67542145e-08 
24315.500488 3.26587522e-08 
24325.500488 2.99081794e-08 
24335.500488 2.79410854e-08 
24345.500488 2.54039382e-08 
24355.500488 2.34744994e-08 
24365.500488 2.11493299e-08 
24375.500488 1.98660626e-08 
24385.500488 1.80994572e-08 
24395.500488 1.63806243e-08 
24405.500488 1.52354378e-08 
24415.500488 1.36872043e-08 
24425.500488 1.27170953e-08 
24435.500488 1.11983269e-08 
24445.500488 1.04640301e-08 
24455.500488 9.25909770e-09 
24465.500488 8.48864124e-09 
24475.500488 7.71071619e-09 
24485.500488 6.76789587e-09 
24495.500488 6.16087400e-09 
24505.500488 5.76679857e-09 
24515.500488 5.43299252e-09 
24525.500488 4.96611258e-09 
24535.500488 4.47919489e-09 
24545.500488 4.09984660e-09 
24555.500488 3.86933065e-09 
24565.500488 3.43731019e-09 
24575.500488 3.22829079e-09 
24585.500488 3.00860977e-09 
24595.500488 2.71531265e-09 
24605.500488 2.54740240e-09 
24615.500488 2.32898130e-09 
24625.500488 2.15945775e-09 
24635.500488 1.98607113e-09 
24645.500488 1.84576501e-09 
24655.500488 1.74509465e-09 
24665.500488 1.60933800e-09 
24675.500488 1.50955831e-09 
24685.500488 1.41219516e-09 
24695.500488 1.29568164e-09 
24705.500488 1.20648432e-09 
24715.500488 1.14922685e-09 
24725.500488 1.06358189e-09 
24735.500488 1.00021662e-09 
24745.500488 9.45237509e-10 
24755.500488 8.80447257e-10 
24765.500488 8.42560151e-10 
24775.500488 7.94923159e-10 
24785.500488 7.55230637e-10 
24795.500488 7.17537861e-10 
24805.500488 6.82710650e-10 
24815.500488 6.57344353e-10 
24825.500488 6.23692694e-10 
24835.500488 5.89973067e-10 
24845.500488 5.68730988e-10 
24855.500488 5.54078808e-10 
24865.500488 5.28128623e-10 
24875.500488 5.07302150e-10 
24885.500488 4.94523729e-10 
24895.500488 4.82476864e-10 
24905.500488 4.64202710e-10 
24915.500488 4.47669971e-10 
24925.500488 4.36053348e-10 
24935.500488 4.22591127e-10 
24945.500488 4.05692943e-10 
24955.500488 3.96634550e-10 
24965.500488 3.83772543e-10 
24975.500488 3.72921077e-10 
24985.500488 3.62600786e-10 
24995.500488 3.53202727e-10 
25005.500488 3.45690972e-10 
25015.500488 3.33660897e-10 
25025.500488 3.26826845e-10 
25035.500488 3.18422755e-10 
25045.500488 3.10827287e-10 
25055.500488 3.02941890e-10 
25065.500488 2.93656782e-10 
25075.500488 2.87344727e-10 
25085.500488 2.79598361e-10 
25095.500488 2.71671541e-10 
25105.500488 2.63751245e-10 
25115.500488 2.56191888e-10 
25125.500488 2.49395809e-10 
25135.500488 2.40254972e-10 
25145.500488 2.32250451e-10 
25155.500488 2.24173954e-10 
25165.500488 2.16111815e-10 
25175.500488 2.08524936e-10 
25185.500488 2.00472523e-10 
25195.500488 1.92130342e-10 
25205.500488 1.84059580e-10 
25215.500488 1.76725357e-10 
25225.500488 1.69206922e-10 
25235.500488 1.60733890e-10 
25245.500488 1.53226487e-10 
25255.500488 1.45972489e-10 
25265.500488 1.38818608e-10 
25275.500488 1.31688996e-10 
25285.500488 1.24695630e-10 
25295.500488 1.18154395e-10 
25305.500488 1.11617345e-10 
25315.500488 1.06348525e-10 
25325.500488 1.00525784e-10 
25335.500488 9.50986996e-11 
25345.500488 9.02375311e-11 
25355.500488 8.56594789e-11 
25365.500488 8.15132689e-11 
25375.500488 7.76209077e-11 
25385.500488 7.41409325e-11 
25395.500488 7.11544073e-11 
25405.500488 6.76330881e-11 
25415.500488 6.47437895e-11 
25425.500488 6.10606391e-11 
25435.500488 5.83879826e-11 
25445.500488 5.56855504e-11 
25455.500488 5.33410663e-11 
25465.500488 5.10778927e-11 
25475.500488 4.93600608e-11 
25485.500488 4.77603948e-11 
25495.500488 4.55275182e-11 
25505.500488 4.40467103e-11 
25515.500488 4.27930002e-11 
25525.500488 4.13897872e-11 
25535.500488 4.01530633e-11 
25545.500488 3.90654250e-11 
25555.500488 3.76208026e-11 
25565.500488 3.65119876e-11 
25575.500488 3.53462481e-11 
25585.500488 3.43627348e-11 
25595.500488 3.33762106e-11 
25605.500488 3.25522954e-11 
25615.500488 3.09763311e-11 
25625.500488 2.98989054e-11 
25635.500488 2.84239715e-11 
25645.500488 2.73520253e-11 
25655.500488 2.58853905e-11 
25665.500488 2.46573473e-11 
25675.500488 2.32535454e-11 
25685.500488 2.16823915e-11 
25695.500488 2.03736895e-11 
25705.500488 1.87510382e-11 
25715.500488 1.74665105e-11 
25725.500488 1.61049498e-11 
25735.500488 1.47086792e-11 
25745.500488 1.34337776e-11 
25755.500488 1.21663893e-11 
25765.500488 1.10027958e-11 
25775.500488 9.86169393e-12 
25785.500488 8.80629779e-12 
25795.500488 7.80761686e-12 
25805.500488 6.99804626e-12 
25815.500488 6.14286692e-12 
25825.500488 5.40272648e-12 
25835.500488 4.72187228e-12 
25845.500488 4.13739638e-12 
25855.500488 3.58339031e-12 
25865.500488 3.09267150e-12 
25875.500488 2.69707015e-12 
25885.500488 2.32075933e-12 
25895.500488 2.01621685e-12 
25905.500488 1.73268072e-12 
25915.500488 1.48166892e-12 
25925.500488 1.28225515e-12 
25935.500488 1.10191374e-12 
25945.500488 9.40768220e-13 
25955.500488 8.15048888e-13 
25965.500488 6.99512323e-13 
25975.500488 6.05792498e-13 
25985.500488 5.29262450e-13 
