20004.663860 2.57732284e-10 
20020.744780 2.33231746e-10 
20036.825700 2.12349034e-10 
20052.906620 1.94577277e-10 
20068.987540 1.79141645e-10 
20085.068460 1.66891645e-10 
20101.149380 1.55870264e-10 
20117.230300 1.45227501e-10 
20133.311220 1.36855823e-10 
20149.392140 1.29901320e-10 
20165.473060 1.22245714e-10 
20181.553980 1.16908150e-10 
20197.634900 1.10956475e-10 
20213.715820 1.06868687e-10 
20229.796740 1.03087965e-10 
20245.877660 9.82786138e-11 
20261.958580 9.50761602e-11 
20278.039490 9.21925678e-11 
20294.120410 8.97434330e-11 
20310.201330 8.77198110e-11 
20326.282250 8.59090254e-11 
20342.363170 8.33086424e-11 
20358.444090 8.21209996e-11 
20374.525010 8.12903646e-11 
20390.605930 8.08515147e-11 
20406.686850 8.14713051e-11 
20422.767770 8.14607297e-11 
20438.848690 8.17605160e-11 
20454.929610 8.25787974e-11 
20471.010530 8.37992015e-11 
20487.091450 8.58488901e-11 
20503.172370 8.79006514e-11 
20519.253290 8.97628533e-11 
20535.334210 9.28643992e-11 
20551.415130 9.55678969e-11 
20567.496050 9.95194622e-11 
20583.576970 1.04223268e-10 
20599.657880 1.10717484e-10 
20615.738800 1.17399742e-10 
20631.819720 1.24433556e-10 
20647.900640 1.32402356e-10 
20663.981560 1.41427752e-10 
20680.062480 1.51908209e-10 
20696.143400 1.63759222e-10 
20712.224320 1.76951035e-10 
20728.305240 1.93256892e-10 
20744.386160 2.10083243e-10 
20760.467080 2.30732529e-10 
20776.548000 2.52589146e-10 
20792.628920 2.78631032e-10 
20808.709840 3.08961272e-10 
20824.790760 3.43254744e-10 
20840.871680 3.85360482e-10 
20856.952600 4.34549550e-10 
20873.033520 4.92214184e-10 
20889.114440 5.61891723e-10 
20905.195360 6.45037471e-10 
20921.276270 7.42943341e-10 
20937.357190 8.60797422e-10 
20953.438110 1.00207583e-09 
20969.519030 1.16162569e-09 
20985.599950 1.35885604e-09 
21001.680870 1.60100704e-09 
21017.761790 1.86434609e-09 
21033.842710 2.17202421e-09 
21049.923630 2.52447707e-09 
21066.004550 2.90226741e-09 
21082.085470 3.31932315e-09 
21098.166390 3.74446052e-09 
21114.247310 4.14809700e-09 
21130.328230 4.47766069e-09 
21146.409150 4.72043639e-09 
21162.490070 4.93091764e-09 
21178.570990 5.02094297e-09 
21194.651910 5.07660756e-09 
21210.732830 5.06508605e-09 
21226.813750 5.00575103e-09 
21242.894660 4.89200138e-09 
21258.975580 4.78191700e-09 
21275.056500 4.66983752e-09 
21291.137420 4.55499733e-09 
21307.218340 4.46170747e-09 
21323.299260 4.35903446e-09 
21339.380180 4.24406452e-09 
21355.461100 4.14137476e-09 
21371.542020 4.05212218e-09 
21387.622940 3.96576312e-09 
21403.703860 3.85506589e-09 
21419.784780 3.74240367e-09 
21435.865700 3.61418690e-09 
21451.946620 3.48631169e-09 
21468.027540 3.35501432e-09 
21484.108460 3.22467203e-09 
21500.189380 3.09481353e-09 
21516.270300 2.95545519e-09 
21532.351220 2.82617079e-09 
21548.432140 2.67330018e-09 
21564.513050 2.53966513e-09 
21580.593970 2.36812550e-09 
21596.674890 2.21461207e-09 
21612.755810 2.06074004e-09 
21628.836730 1.90705947e-09 
21644.917650 1.76660145e-09 
21660.998570 1.63204022e-09 
21677.079490 1.51310007e-09 
21693.160410 1.41478017e-09 
21709.241330 1.32412738e-09 
21725.322250 1.22963112e-09 
21741.403170 1.14294904e-09 
21757.484090 1.05179925e-09 
21773.565010 9.63171825e-10 
21789.645930 8.88669938e-10 
21805.726850 8.31824790e-10 
21821.807770 7.82305657e-10 
21837.888690 7.26695387e-10 
21853.969610 6.80165210e-10 
21870.050530 6.63839662e-10 
21886.131450 6.58288669e-10 
21902.212360 6.27018866e-10 
21918.293280 5.82125530e-10 
21934.374200 5.44597718e-10 
21950.455120 5.34145412e-10 
21966.536040 5.53312633e-10 
21982.616960 6.12357960e-10 
21998.697880 6.89597842e-10 
22014.778800 7.33967238e-10 
22030.859720 7.58507498e-10 
22046.940640 8.67694376e-10 
22063.021560 9.61531735e-10 
22079.102480 1.07983796e-09 
22095.183400 1.11750830e-09 
22111.264320 1.18144129e-09 
22127.345240 1.24137697e-09 
22143.426160 1.30319087e-09 
22159.507080 1.36034133e-09 
22175.588000 1.33919135e-09 
22191.668920 1.41197236e-09 
22207.749840 1.61085429e-09 
22223.830750 1.95068461e-09 
22239.911670 2.43967536e-09 
22255.992590 3.05612380e-09 
22272.073510 3.72977513e-09 
22288.154430 3.84250808e-09 
22304.235350 3.96198450e-09 
22320.316270 3.25520272e-09 
22336.397190 3.14985827e-09 
22352.478110 2.84314027e-09 
22368.559030 2.06536220e-09 
22384.639950 1.56953597e-09 
22400.720870 1.75770108e-09 
22416.801790 2.33830628e-09 
22432.882710 3.53540000e-09 
22448.963630 4.51163800e-09 
22465.044550 5.79289509e-09 
22481.125470 5.33110931e-09 
22497.206390 5.69262036e-09 
22513.287310 4.99983998e-09 
22529.368230 4.56227816e-09 
22545.449140 5.41816463e-09 
22561.530060 8.11350448e-09 
22577.610980 1.23044171e-08 
22593.691900 1.38927848e-08 
22609.772820 1.57744103e-08 
22625.853740 1.46002162e-08 
22641.934660 1.20042539e-08 
22658.015580 1.22763085e-08 
22674.096500 8.47015584e-09 
22690.177420 9.09854230e-09 
22706.258340 1.31315635e-08 
22722.339260 1.57085672e-08 
22738.420180 1.95540272e-08 
22754.501100 1.80501846e-08 
22770.582020 1.84986385e-08 
22786.662940 2.61088520e-08 
22802.743860 2.89150272e-08 
22818.824780 4.23883575e-08 
22834.905700 4.95399673e-08 
22850.986620 5.80753474e-08 
22867.067530 6.15669421e-08 
22883.148450 6.25804811e-08 
22899.229370 6.63730589e-08 
22915.310290 6.18913769e-08 
22931.391210 5.79790210e-08 
22947.472130 4.60649443e-08 
22963.553050 4.26510127e-08 
22979.633970 5.00249134e-08 
22995.714890 4.03568036e-08 
23011.795810 3.90477548e-08 
23027.876730 3.92687838e-08 
23043.957650 4.14215967e-08 
23060.038570 5.56770084e-08 
23076.119490 4.76636186e-08 
23092.200410 3.95295088e-08 
23108.281330 3.58750466e-08 
23124.362250 3.53013699e-08 
23140.443170 4.26335871e-08 
23156.524090 3.87904405e-08 
23172.605010 4.88193258e-08 
23188.685920 1.04877495e-07 
23204.766840 8.14563249e-08 
23220.847760 8.97475173e-08 
23236.928680 2.96236137e-08 
23253.009600 1.41822834e-08 
23269.090520 5.08380480e-08 
23285.171440 9.04067063e-08 
23301.252360 1.74259461e-07 
23317.333280 3.02035598e-07 
23333.414200 3.95499218e-07 
23349.495120 5.39071082e-07 
23365.576040 4.83610566e-07 
23381.656960 3.75666504e-07 
23397.737880 2.93875324e-07 
23413.818800 2.30054625e-07 
23429.899720 2.35918731e-07 
23445.980640 1.93171184e-07 
23462.061560 1.29795282e-07 
23478.142480 3.28618799e-07 
23494.223400 5.57715404e-07 
23510.304310 7.32569475e-07 
23526.385230 8.03293907e-07 
23542.466150 6.06249359e-07 
23558.547070 6.65226068e-07 
23574.627990 7.17455318e-07 
23590.708910 5.86689614e-07 
23606.789830 5.35500644e-07 
23622.870750 5.39874760e-07 
23638.951670 5.59092892e-07 
23655.032590 5.84343671e-07 
23671.113510 6.32406551e-07 
23687.194430 7.56385350e-07 
23703.275350 8.92796344e-07 
23719.356270 7.46151329e-07 
23735.437190 6.26451990e-07 
23751.518110 5.16531354e-07 
23767.599030 5.02344921e-07 
23783.679950 5.53383183e-07 
23799.760870 7.10592093e-07 
23815.841790 9.27638368e-07 
23831.922710 9.94379057e-07 
23848.003620 7.51504236e-07 
23864.084540 6.65919887e-07 
23880.165460 3.99870590e-07 
23896.246380 2.63255689e-07 
23912.327300 2.11704468e-07 
23928.408220 2.16310809e-07 
23944.489140 3.36597021e-07 
23960.570060 6.55574891e-07 
23976.650980 7.49546456e-07 
23992.731900 1.10124526e-06 
24008.812820 1.94208136e-06 
24024.893740 2.32008420e-06 
24040.974660 2.81377669e-06 
24057.055580 1.99954728e-06 
24073.136500 1.16344108e-06 
24089.217420 7.43208903e-07 
24105.298340 1.72232652e-07 
24121.379260 1.33961215e-07 
24137.460180 2.35654565e-07 
24153.541100 2.81650359e-07 
24169.622010 3.39991538e-07 
24185.702930 3.77530744e-07 
24201.783850 3.22965973e-07 
24217.864770 3.62931492e-07 
24233.945690 5.52187541e-07 
24250.026610 5.36809471e-07 
24266.107530 8.99174227e-07 
24282.188450 1.13584364e-06 
24298.269370 9.89254116e-07 
24314.350290 9.68337585e-07 
24330.431210 7.93843508e-07 
24346.512130 8.76363225e-07 
24362.593050 1.04515711e-06 
24378.673970 8.16078221e-07 
24394.754890 7.62867312e-07 
24410.835810 7.40091656e-07 
24426.916730 7.50938507e-07 
24442.997650 8.48547414e-07 
24459.078570 1.19539796e-06 
24475.159490 8.96002885e-07 
24491.240400 7.54718153e-07 
24507.321320 5.90556463e-07 
24523.402240 4.89110528e-07 
24539.483160 5.01887584e-07 
24555.564080 5.87884074e-07 
24571.645000 8.13379771e-07 
24587.725920 1.59656171e-06 
24603.806840 2.59398009e-06 
24619.887760 2.37066382e-06 
24635.968680 2.20298415e-06 
24652.049600 1.83991652e-06 
24668.130520 1.59945226e-06 
24684.211440 1.59155430e-06 
24700.292360 1.62272799e-06 
24716.373280 1.67347533e-06 
24732.454200 1.84044806e-06 
24748.535120 2.07262401e-06 
24764.616040 2.45588924e-06 
24780.696960 2.97494102e-06 
24796.777880 3.00385725e-06 
24812.858790 2.99721123e-06 
24828.939710 3.03959159e-06 
24845.020630 2.68149598e-06 
24861.101550 2.36737284e-06 
24877.182470 2.11474329e-06 
24893.263390 1.76304422e-06 
24909.344310 1.60124163e-06 
24925.425230 1.48395589e-06 
24941.506150 1.14842544e-06 
24957.587070 1.16997463e-06 
24973.667990 1.25576548e-06 
24989.748910 1.41590652e-06 
24997.781620 2.22007420e-06 
25011.293930 2.27099232e-06 
25024.806240 3.88813853e-06 
25038.318560 4.81072901e-06 
25051.830870 6.45363622e-06 
25065.343190 3.25815311e-06 
25078.855500 1.80313312e-06 
25092.367820 7.52516520e-07 
25105.880130 1.00634691e-06 
25119.392440 3.12971539e-06 
25132.904760 4.08126892e-06 
25146.417070 1.55211451e-06 
25159.929390 1.39796368e-06 
25173.441700 4.43866165e-07 
25186.954020 4.80562662e-06 
25200.466330 4.46796306e-06 
25213.978650 5.65355739e-06 
25227.490960 1.17045007e-06 
25241.003270 1.95656151e-06 
25254.515590 3.40925177e-06 
25268.027900 3.10397337e-06 
25281.540220 6.24014496e-07 
25295.052530 2.68450065e-06 
25308.564850 9.72407766e-07 
25322.077160 3.07943855e-06 
25335.589480 3.64214948e-06 
25349.101790 2.87386279e-06 
25362.614100 1.98854112e-06 
25376.126420 3.73460334e-06 
25389.638730 1.07947918e-06 
25403.151050 2.18621499e-06 
25416.663360 1.34643489e-06 
25430.175680 2.91865084e-06 
25443.687990 4.97834990e-06 
25457.200300 3.42934320e-06 
25470.712620 7.33648981e-06 
25484.224930 3.56550927e-06 
25497.737250 4.48052914e-06 
25511.249560 3.94950776e-06 
25524.761880 2.21506918e-06 
25538.274190 4.24528122e-06 
25551.786510 1.88265048e-06 
25565.298820 3.08841955e-06 
25578.811130 8.49220546e-07 
25592.323450 1.81676549e-06 
25605.835760 2.49750410e-06 
25619.348080 2.50665871e-06 
25632.860390 5.48402300e-07 
25646.372710 1.61443361e-06 
25659.885020 3.83315313e-06 
25673.397330 2.78618022e-06 
25686.909650 3.89603625e-06 
25700.421960 5.52046976e-06 
25713.934280 7.29072429e-06 
25727.446590 1.87522982e-06 
25740.958910 1.04070708e-06 
25754.471220 2.63575523e-06 
25767.983540 5.59285048e-06 
25781.495850 3.81791658e-06 
25795.008160 3.24662230e-06 
25808.520480 7.67217984e-07 
25822.032790 1.88709913e-06 
25835.545110 3.74513840e-06 
25849.057420 2.96617936e-06 
25862.569740 3.68535611e-06 
25876.082050 2.56766066e-06 
25889.594370 6.30685334e-07 
25903.106680 9.19612620e-07 
25916.618990 2.26925704e-06 
25930.131310 2.46311648e-06 
25943.643620 1.44871212e-06 
25957.155940 1.88185700e-08 
25970.668250 4.00289150e-06 
25984.180570 2.37290424e-06 
25997.692880 9.81123205e-07 
26011.205190 1.11488360e-06 
26024.717510 1.94661599e-06 
26038.229820 1.13381599e-06 
26051.742140 1.60382000e-07 
26065.254450 3.38577264e-06 
26078.766770 1.34230523e-06 
26092.279080 2.23483472e-06 
26105.791400 6.63093295e-08 
26119.303710 2.60185690e-07 
26132.816020 1.20563139e-06 
26146.328340 1.12513413e-06 
26159.840650 8.46184270e-07 
26173.352970 3.17313190e-06 
26186.865280 2.18449966e-06 
26200.377600 2.69365103e-06 
26213.889910 2.22179946e-06 
26227.402220 3.66931567e-06 
26240.914540 1.53583658e-06 
26254.426850 7.77850964e-07 
26267.939170 3.09748528e-06 
26281.451480 3.42527828e-06 
26294.963800 3.68583058e-06 
26308.476110 2.66144475e-06 
26321.988430 2.35098001e-06 
26335.500740 3.83173883e-06 
26349.013050 2.02704767e-06 
26362.525370 2.20021738e-06 
26376.037680 3.65950929e-06 
26389.550000 5.25490645e-06 
26403.062310 5.93176761e-06 
26416.574630 2.21861024e-06 
26430.086940 4.08372545e-06 
26443.599250 3.23563402e-06 
26457.111570 3.48166346e-06 
26470.623880 3.54920253e-06 
26484.136200 2.16217203e-06 
26497.648510 2.76080971e-06 
26511.160830 3.25417315e-06 
26524.673140 3.48597246e-06 
26538.185460 4.90518504e-06 
26551.697770 4.21213087e-06 
26565.210080 3.34446815e-06 
26578.722400 2.67805125e-06 
26592.234710 3.58994230e-06 
26605.747030 1.62810371e-06 
26619.259340 3.37530799e-06 
26632.771660 4.70007066e-06 
26646.283970 3.21984612e-06 
26659.796290 3.05697029e-07 
26673.308600 1.50745443e-08 
26686.820910 1.23926163e-06 
26700.333230 5.64305634e-07 
26713.845540 3.15501523e-06 
26727.357860 3.51396717e-06 
26740.870170 2.20023628e-06 
26754.382490 3.67219360e-06 
26767.894800 5.02833474e-06 
26781.407110 5.49450265e-06 
26794.919430 5.12972480e-06 
26808.431740 2.44874185e-06 
26821.944060 6.24745967e-07 
26835.456370 1.71093196e-06 
26848.968690 1.40385851e-06 
26862.481000 2.14600279e-06 
26875.993320 4.80953578e-06 
26889.505630 5.29494142e-06 
26903.017940 1.44557896e-06 
26916.530260 3.05890065e-06 
26930.042570 2.95631622e-06 
26943.554890 8.53259496e-07 
26957.067200 2.10161080e-06 
26970.579520 1.08057857e-06 
26984.091830 1.98490157e-06 
26997.604140 2.57996909e-06 
27011.116460 3.77852256e-06 
27024.628770 3.34096963e-06 
27038.141090 4.29099681e-06 
27051.653400 6.43800741e-06 
27065.165720 3.45627761e-06 
27078.678030 1.97284087e-06 
27092.190350 3.13791831e-06 
27105.702660 3.95972610e-06 
27119.214970 2.51438649e-06 
27132.727290 9.36155438e-07 
27146.239600 5.29917185e-07 
27159.751920 4.55346356e-07 
27173.264230 1.32302326e-06 
27186.776550 1.94826758e-06 
27200.288860 3.33272038e-06 
27213.801170 1.76049999e-06 
27227.313490 1.03292729e-06 
27240.825800 2.47682515e-06 
27254.338120 2.68163272e-06 
27267.850430 3.93535228e-06 
27281.362750 3.27546752e-06 
27294.875060 2.13003721e-06 
27308.387380 2.43258023e-06 
27321.899690 1.33550964e-06 
27335.412000 1.63199310e-06 
27348.924320 1.16030496e-07 
27362.436630 1.15566307e-06 
27375.948950 1.30781556e-06 
27389.461260 1.72747133e-06 
27402.973580 1.46808232e-06 
27416.485890 2.11737021e-06 
27429.998210 8.67238439e-07 
27443.510520 1.36277475e-06 
27457.022830 2.68678322e-08 
27470.535150 1.51578264e-08 
27484.047460 7.74257460e-07 
27497.559780 2.55535683e-06 
27511.072090 3.26897240e-06 
27524.584410 2.16130287e-06 
27538.096720 3.19554256e-06 
27551.609030 1.64572396e-06 
27565.121350 1.55946085e-06 
27578.633660 1.97926710e-06 
27592.145980 2.41883597e-06 
27605.658290 3.79739690e-06 
27619.170610 3.44047585e-06 
27632.682920 3.71619587e-06 
27646.195240 4.42840737e-06 
27659.707550 1.50541291e-06 
27673.219860 4.91582846e-07 
27686.732180 1.27408791e-06 
27700.244490 2.39014843e-06 
27713.756810 3.93839300e-06 
27727.269120 3.81624133e-06 
27740.781440 3.04252766e-06 
27754.293750 2.61056690e-06 
27767.806060 2.32295573e-06 
27781.318380 2.66673710e-06 
27794.830690 2.96425802e-06 
27808.343010 3.43750452e-06 
27821.855320 3.00720695e-06 
27835.367640 2.84594627e-06 
27848.879950 2.08905669e-06 
27862.392270 2.60791697e-06 
27875.904580 3.85174066e-06 
27889.416890 2.11985011e-06 
27902.929210 1.41721750e-06 
27916.441520 1.97949656e-06 
27929.953840 7.75836013e-07 
27943.466150 3.62290112e-06 
27956.978470 3.67584592e-06 
27970.490780 2.03501223e-06 
27984.003090 1.24080065e-06 
27997.515410 1.55746114e-06 
28011.027720 2.49272397e-06 
28024.540040 1.73355586e-06 
28038.052350 2.15645766e-06 
28051.564670 2.27084773e-06 
28065.076980 9.48451825e-07 
28078.589300 9.28587408e-07 
28092.101610 1.33335092e-06 
28105.613920 1.47695269e-06 
28119.126240 1.42964906e-06 
28132.638550 8.97817130e-07 
28146.150870 1.38851124e-06 
28159.663180 3.17564849e-06 
28173.175500 2.22233640e-06 
28186.687810 2.34200979e-06 
28200.200130 4.43190296e-06 
28213.712440 2.51930677e-06 
28227.224750 3.34523677e-06 
28240.737070 2.80693250e-06 
28254.249380 2.58585264e-06 
28267.761700 2.19645005e-06 
28281.274010 1.38945157e-06 
28294.786330 7.46229171e-07 
28308.298640 1.51171308e-06 
28321.810950 2.60236557e-06 
28335.323270 2.31755026e-06 
28348.835580 2.93031071e-06 
28362.347900 2.76083900e-06 
28375.860210 6.55836369e-06 
28389.372530 5.36662964e-06 
28402.884840 4.95509108e-06 
28416.397160 1.33959768e-06 
28429.909470 1.38779227e-06 
28443.421780 3.23895704e-06 
28456.934100 4.88677011e-06 
28470.446410 3.00442521e-06 
28483.958730 2.60122255e-06 
28497.471040 5.05048612e-06 
28510.983360 4.75509260e-06 
28524.495670 2.74505112e-06 
28538.007980 5.99104731e-07 
28551.520300 5.66132681e-07 
28565.032610 6.27666150e-07 
28578.544930 1.95458509e-07 
28592.057240 1.91948107e-06 
28605.569560 1.22633584e-06 
28619.081870 1.06764797e-06 
28632.594190 1.16000045e-06 
28646.106500 2.40464529e-06 
28659.618810 1.66635153e-06 
28673.131130 1.25893965e-06 
28686.643440 4.83900234e-07 
28700.155760 1.78237602e-07 
28713.668070 1.24152814e-07 
28727.180390 1.51670757e-06 
28740.692700 1.26585222e-06 
28754.205010 2.26318229e-06 
28767.717330 2.07426171e-06 
28781.229640 5.73990156e-07 
28794.741960 2.57458735e-06 
28808.254270 2.97923303e-06 
28821.766590 3.02711318e-06 
28835.278900 3.74511187e-06 
28848.791220 3.93092036e-06 
28862.303530 1.91415111e-06 
28875.815840 3.36756893e-06 
28889.328160 2.57642627e-06 
28902.840470 4.83644658e-07 
28916.352790 3.53839235e-07 
28929.865100 9.30162529e-07 
28943.377420 2.17249195e-06 
28956.889730 3.56521555e-06 
28970.402050 3.48088886e-06 
28983.914360 4.10933295e-06 
28997.426670 2.48018127e-06 
29010.938990 2.33334818e-06 
29024.451300 8.99933895e-07 
29037.963620 1.48989778e-06 
29051.475930 3.25642038e-06 
29064.988250 3.09833935e-06 
29078.500560 4.07310849e-06 
29092.012870 3.34647425e-06 
29105.525190 2.19771792e-06 
29119.037500 1.60047941e-06 
29132.549820 2.14616236e-06 
29146.062130 4.43072850e-06 
29159.574450 4.47897168e-06 
29173.086760 2.74728314e-06 
29186.599080 2.15220959e-06 
29200.111390 1.76685356e-06 
29213.623700 2.56744818e-06 
29227.136020 1.42001364e-06 
29240.648330 2.07492087e-06 
29254.160650 3.63743200e-06 
29267.672960 2.05612135e-06 
29281.185280 1.97515341e-06 
29294.697590 2.37220172e-06 
29308.209900 4.99231808e-06 
29321.722220 2.76835048e-06 
29335.234530 2.08659345e-06 
29348.746850 9.48325416e-07 
29362.259160 2.14297113e-06 
29375.771480 4.70109949e-06 
29389.283790 1.88600097e-06 
29402.796110 2.10376459e-06 
29416.308420 2.63019135e-06 
29429.820730 4.78918326e-06 
29443.333050 2.92930117e-06 
29456.845360 1.81084548e-06 
29470.357680 9.39772529e-07 
29483.869990 3.48808071e-07 
29497.382310 3.53991720e-06 
29510.894620 2.19883116e-06 
29524.406940 1.35525794e-06 
29537.919250 1.70317648e-06 
29551.431560 3.09757307e-07 
29564.943880 2.83480240e-07 
29578.456190 1.65339185e-06 
29591.968510 3.55540824e-06 
29605.480820 4.64262878e-06 
29618.993140 1.61130149e-06 
29632.505450 1.25791959e-06 
29646.017760 1.40063651e-06 
29659.530080 2.09264007e-06 
29673.042390 3.43790108e-06 
29686.554710 3.74921127e-06 
29700.067020 1.03392099e-06 
29713.579340 2.18290494e-06 
29727.091650 2.39577713e-06 
29740.603970 3.77808202e-06 
29754.116280 3.19394444e-06 
29767.628590 3.01644040e-06 
29781.140910 4.98072509e-06 
29794.653220 4.57832027e-06 
29808.165540 2.16582885e-06 
29821.677850 4.05065748e-07 
29835.190170 1.65254618e-06 
29848.702480 5.83765226e-06 
29862.214790 4.22488391e-06 
29875.727110 3.17555152e-06 
29889.239420 2.64662757e-06 
29902.751740 2.94301664e-06 
29916.264050 4.29145247e-06 
29929.776370 4.64200446e-06 
29943.288680 4.48793542e-06 
29956.801000 4.61966171e-06 
29970.313310 4.94012665e-06 
29983.825620 4.17288184e-06 
29997.337940 1.78832510e-06 
30010.850250 1.98915221e-06 
30024.362570 5.78660049e-06 
30037.874880 7.26043555e-06 
30051.387200 2.67421836e-06 
30064.899510 1.94425429e-06 
30078.411820 4.73096764e-08 
30091.924140 1.43515475e-06 
30105.436450 2.16079330e-06 
30118.948770 1.19855244e-06 
30132.461080 1.38425058e-06 
30145.973400 1.59424401e-06 
30159.485710 1.11628170e-06 
30172.998030 7.38930056e-07 
30186.510340 1.25231099e-06 
30200.022650 1.12033567e-06 
30213.534970 1.63744330e-06 
30227.047280 6.86170861e-07 
30240.559600 1.15787003e-06 
30254.071910 1.15987966e-06 
30267.584230 3.13160997e-06 
30281.096540 2.94889315e-06 
30294.608860 3.35488003e-06 
30308.121170 2.08986922e-06 
30321.633480 2.29865358e-06 
30335.145800 2.70328448e-06 
30348.658110 2.16561741e-06 
30362.170430 2.93838199e-06 
30375.682740 3.79021198e-06 
30389.195060 3.23440436e-06 
30402.707370 4.91684066e-06 
30416.219680 2.80848842e-06 
30429.732000 2.10809142e-06 
30443.244310 2.54112022e-06 
30456.756630 6.82013340e-07 
30470.268940 1.58294995e-06 
30483.781260 2.92667299e-06 
30497.293570 5.31614451e-06 
30510.805890 3.84567612e-06 
30524.318200 2.52166919e-06 
30537.830510 5.14030572e-07 
30551.342830 1.90409483e-06 
30564.855140 2.37317238e-06 
30578.367460 2.83538241e-06 
30591.879770 1.19311207e-06 
30605.392090 4.96064826e-06 
30618.904400 4.13449619e-06 
30632.416710 2.59750409e-06 
30645.929030 2.44615162e-06 
30659.441340 3.60522031e-06 
30672.953660 4.05464477e-06 
30686.465970 4.15989248e-06 
30699.978290 4.90757448e-06 
30713.490600 4.14205303e-06 
30727.002920 2.78254999e-06 
30740.515230 2.45102575e-06 
30754.027540 2.15062669e-06 
30767.539860 3.89694808e-06 
30781.052170 3.36518562e-06 
30794.564490 3.74237071e-06 
30808.076800 4.89014227e-06 
30821.589120 5.09007938e-06 
30835.101430 5.18647115e-06 
30848.613740 5.31869985e-06 
30862.126060 5.90743745e-06 
30875.638370 5.84455681e-06 
30889.150690 4.14121678e-06 
30902.663000 2.11163558e-06 
30916.175320 2.22257601e-06 
30929.687630 2.27603133e-06 
30943.199950 1.48464363e-06 
30956.712260 2.02451138e-06 
30970.224570 2.88744143e-06 
30983.736890 2.74836318e-06 
30997.249200 2.79492852e-06 
31010.761520 1.80387940e-06 
31024.273830 2.24089135e-06 
31037.786150 1.32646740e-06 
31051.298460 9.62216033e-07 
31064.810780 1.72972529e-06 
31078.323090 2.49195601e-06 
31091.835400 4.21000741e-06 
31105.347720 3.26519307e-06 
31118.860030 3.83678080e-06 
31132.372350 5.05566901e-06 
31145.884660 4.43395607e-06 
31159.396980 3.56443859e-06 
31172.909290 3.44329267e-06 
31186.421600 5.03479153e-06 
31199.933920 4.98063426e-06 
31213.446230 6.74334401e-06 
31226.958550 7.47796075e-06 
31240.470860 5.57554522e-06 
31253.983180 1.77714137e-06 
31267.495490 1.86992631e-06 
31281.007810 3.08120132e-06 
31294.520120 1.93126935e-06 
31308.032430 1.07899395e-06 
31321.544750 2.51185685e-06 
31335.057060 2.75704031e-06 
31348.569380 4.18491355e-06 
31362.081690 4.18408185e-06 
31375.594010 3.96414326e-06 
31389.106320 2.81078417e-06 
31402.618630 4.23662997e-06 
31416.130950 3.89042731e-06 
31429.643260 3.52173773e-06 
31443.155580 3.13712125e-06 
31456.667890 2.59619000e-06 
31470.180210 4.02693568e-06 
31483.692520 4.91250176e-06 
31497.204840 4.80715645e-06 
31510.717150 3.98474380e-06 
31524.229460 3.02054598e-06 
31537.741780 3.18699654e-06 
31551.254090 2.00207212e-06 
31564.766410 3.82007287e-06 
31578.278720 2.96438031e-06 
31591.791040 2.63740237e-06 
31605.303350 3.74673427e-06 
31618.815660 6.30198792e-06 
31632.327980 5.58978328e-06 
31645.840290 5.30752730e-06 
31659.352610 4.93507304e-06 
31672.864920 3.51250917e-06 
31686.377240 4.71148248e-06 
31699.889550 4.49794829e-06 
31713.401870 3.55757936e-06 
31726.914180 3.70652248e-06 
31740.426490 2.34466675e-06 
31753.938810 3.19214089e-06 
31767.451120 4.45688342e-06 
31780.963440 6.08677446e-06 
31794.475750 4.97366929e-06 
31807.988070 4.66269500e-06 
31821.500380 3.63980190e-06 
31835.012700 4.13852128e-06 
31848.525010 4.82300790e-06 
31862.037320 4.39114652e-06 
31875.549640 2.45172912e-06 
31889.061950 2.83664833e-06 
31902.574270 4.49556287e-06 
31916.086580 4.58723249e-06 
31929.598900 4.32768073e-06 
31943.111210 2.58155455e-06 
31956.623520 2.31231494e-06 
31970.135840 1.78389854e-06 
31983.648150 9.72167278e-07 
31997.160470 1.61544690e-06 
32010.672780 2.51863638e-06 
32024.185100 2.77295317e-06 
32037.697410 3.15352028e-06 
32051.209730 2.76695382e-06 
32064.722040 7.91173713e-07 
32078.234350 8.83133639e-07 
32091.746670 5.32268094e-07 
32105.258980 1.87256898e-06 
32118.771300 2.89884653e-06 
32132.283610 1.72634876e-06 
32145.795930 1.81842530e-06 
32159.308240 3.45159191e-06 
32172.820550 3.85687611e-06 
32186.332870 1.08414905e-06 
32199.845180 1.22245231e-06 
32213.357500 2.69488279e-06 
32226.869810 1.36798897e-06 
32240.382130 1.02557915e-06 
32253.894440 1.36069922e-06 
32267.406760 1.30577174e-06 
32280.919070 6.68632098e-07 
32294.431380 2.10602073e-06 
32307.943700 1.66564068e-06 
32321.456010 6.05067941e-07 
32334.968330 4.24711764e-07 
32348.480640 6.13427447e-07 
32361.992960 4.54583458e-07 
32375.505270 4.89627057e-07 
32389.017590 1.00408055e-06 
32402.529900 9.40518523e-07 
32416.042210 2.13107272e-06 
32429.554530 3.03752254e-06 
32443.066840 2.20619647e-06 
32456.579160 1.55645433e-06 
32470.091470 6.85187051e-07 
32483.603790 2.73813627e-08 
32497.116100 5.47024011e-09 
32510.628410 6.99921818e-09 
32524.140730 1.35026015e-07 
32537.653040 7.34489779e-07 
32551.165360 8.19853602e-07 
32564.677670 9.37172065e-07 
32578.189990 1.34213494e-06 
32591.702300 1.33463859e-06 
32605.214620 1.09930846e-06 
32618.726930 1.96037568e-07 
32632.239240 1.19159950e-08 
32645.751560 6.43939089e-08 
32659.263870 3.60649498e-07 
32672.776190 9.74029764e-07 
32686.288500 1.49367868e-06 
32699.800820 1.27271283e-06 
32713.313130 4.71544018e-09 
32726.825440 6.98795624e-08 
32740.337760 2.62967380e-07 
32753.850070 1.77755360e-08 
32767.362390 4.72801852e-09 
32780.874700 4.73127703e-09 
32794.387020 4.73459339e-09 
32807.899330 4.73797602e-09 
32821.411650 1.07057640e-08 
32834.923960 2.19231547e-07 
32848.436270 2.63690633e-08 
32861.948590 3.18362743e-08 
32875.460900 3.80973709e-07 
32888.973220 7.39184491e-07 
32902.485530 1.80652973e-08 
32915.997850 4.77318111e-09 
32929.510160 2.43055976e-07 
32943.022470 7.08041596e-07 
32956.534790 1.14331999e-06 
32970.047100 1.02318945e-06 
32983.559420 4.98119202e-08 
32997.071730 4.79874887e-09 
33010.584050 3.80194902e-07 
33024.096360 4.43800053e-07 
33037.608680 5.94677594e-08 
33051.120990 1.28691621e-07 
33064.633300 4.82687741e-09 
33078.145620 7.92797853e-07 
33091.657930 2.05709822e-08 
33105.170250 4.82619333e-09 
33118.682560 5.66791360e-09 
33132.194880 6.87546956e-07 
33145.707190 5.30091048e-08 
33159.219510 5.00063531e-09 
33172.731820 4.84844362e-09 
33186.244130 2.22980348e-08 
33199.756450 1.25019580e-06 
33213.268760 1.84586178e-06 
33226.781080 1.76948995e-06 
33240.293390 2.87201892e-08 
33253.805710 4.86870315e-09 
33267.318020 9.65171489e-08 
33280.830330 5.13918672e-08 
33294.342650 4.87911337e-09 
33307.854960 4.87906380e-09 
33321.367280 5.26357811e-09 
33334.879590 6.36316483e-08 
33348.391910 8.76132274e-07 
33361.904220 2.17435424e-08 
33375.416540 6.64330824e-09 
33388.928850 3.39698658e-07 
33402.441160 9.59307365e-08 
33415.953480 1.29451488e-06 
33429.465790 5.86938069e-07 
33442.978110 2.60683075e-07 
33456.490420 8.38361076e-09 
33470.002740 4.78733732e-09 
33483.515050 4.77180513e-09 
33497.027360 1.30730650e-08 
33510.539680 7.12111800e-09 
33524.051990 4.68618290e-09 
33537.564310 5.36401025e-07 
33551.076620 2.00034113e-06 
33564.588940 2.01781010e-06 
33578.101250 7.93672075e-07 
33591.613570 5.84983064e-07 
33605.125880 4.70836864e-08 
33618.638190 8.22848256e-08 
33632.150510 7.70148030e-07 
33645.662820 9.92925556e-07 
33659.175140 9.90996749e-07 
33672.687450 3.56696743e-07 
33686.199770 5.41838825e-09 
33699.712080 2.48379220e-07 
33713.224390 4.53341557e-07 
33726.736710 5.05325644e-07 
33740.249020 9.22174851e-07 
33753.761340 1.40489908e-06 
33767.273650 9.07070957e-08 
33780.785970 4.77883003e-09 
33794.298280 4.82165031e-09 
33807.810600 2.92647517e-07 
33821.322910 3.06449110e-06 
33834.835220 2.45024985e-06 
33848.347540 1.97065683e-06 
33861.859850 1.03058127e-06 
33875.372170 6.87102969e-07 
33888.884480 9.14926089e-07 
33902.396800 9.61301128e-07 
33915.909110 2.48303172e-08 
33929.421430 4.13709597e-07 
33942.933740 9.36308063e-07 
33956.446050 8.22943056e-08 
33969.958370 5.43046667e-07 
33983.470680 1.52148867e-06 
33996.983000 1.51861666e-06 
34010.495310 8.70544917e-07 
34024.007630 7.17045796e-07 
34037.519940 5.86173107e-07 
34051.032250 6.41717610e-09 
34064.544570 5.15421909e-09 
34078.056880 2.60655909e-07 
34091.569200 2.38112608e-08 
34105.081510 4.88066308e-09 
34118.593830 4.87816655e-09 
34132.106140 5.34300018e-09 
34145.618460 3.56323137e-07 
34159.130770 2.84859137e-07 
34172.643080 9.36091997e-09 
34186.155400 4.87096695e-09 
34199.667710 5.44505042e-09 
34213.180030 9.60866490e-07 
34226.692340 7.11570332e-07 
34240.204660 4.52015820e-07 
34253.716970 7.82551492e-09 
34267.229280 4.87598379e-09 
34280.741600 4.87754119e-09 
34294.253910 1.37473198e-08 
34307.766230 1.05566180e-08 
34321.278540 2.49728498e-07 
34334.790860 5.83335997e-07 
34348.303170 4.87880600e-09 
34361.815490 1.15170283e-08 
34375.327800 3.16464988e-08 
34388.840110 3.43079084e-07 
34402.352430 7.11412853e-07 
34415.864740 4.25539530e-07 
34429.377060 7.48152551e-07 
34442.889370 1.22050557e-06 
34456.401690 2.74241660e-07 
34469.914000 7.18324937e-07 
34483.426310 1.37532926e-06 
34496.938630 1.55095290e-06 
34510.450940 8.72209677e-07 
34523.963260 1.81418120e-06 
34537.475570 1.55504051e-06 
34550.987890 5.69639818e-09 
34564.500200 9.42824227e-07 
34578.012520 6.82655963e-07 
34591.524830 2.04716405e-06 
34605.037140 3.02321371e-06 
34618.549460 2.44307006e-06 
34632.061770 3.42590743e-06 
34645.574090 2.87870795e-06 
34659.086400 1.56921017e-06 
34672.598720 1.71288874e-06 
34686.111030 1.72802169e-06 
34699.623350 4.73348245e-06 
34713.135660 4.07358366e-06 
34726.647970 5.41464740e-06 
34740.160290 6.24538610e-06 
34753.672600 5.23724326e-06 
34767.184920 5.28081291e-06 
34780.697230 4.69595215e-06 
34794.209550 4.45157843e-06 
34807.721860 4.29143814e-06 
34821.234170 4.89081973e-06 
34834.746490 6.16971191e-06 
34848.258800 5.90725255e-06 
34861.771120 7.21439589e-06 
34875.283430 8.78317640e-06 
34888.795750 8.56022336e-06 
34902.308060 7.29667014e-06 
34915.820380 4.42365216e-06 
34929.332690 4.40524969e-06 
34942.845000 5.93208180e-06 
34956.357320 6.28309616e-06 
34969.869630 7.99824603e-06 
34983.381950 7.90080511e-06 
34996.894260 7.26898027e-06 
35010.406580 8.57871193e-06 
35023.918890 9.47416909e-06 
35037.431200 1.08896818e-05 
35050.943520 9.94348117e-06 
35064.455830 9.56512139e-06 
35077.968150 8.59952403e-06 
35091.480460 6.88381726e-06 
35104.992780 1.01076244e-05 
35118.505090 1.13887406e-05 
35132.017410 1.24494641e-05 
35145.529720 1.25112279e-05 
35159.042030 1.04181772e-05 
35172.554350 1.24642526e-05 
35186.066660 1.13170525e-05 
35199.578980 9.27240839e-06 
35213.091290 1.01341372e-05 
35226.603610 9.59963618e-06 
35240.115920 1.12611724e-05 
35253.628240 1.18116114e-05 
35267.140550 1.13653548e-05 
35280.652860 1.24516786e-05 
35294.165180 9.15653622e-06 
35307.677490 9.58849107e-06 
35321.189810 1.27260776e-05 
35334.702120 1.12336197e-05 
35348.214440 1.07975343e-05 
35361.726750 9.22670261e-06 
35375.239060 1.28394131e-05 
35388.751380 1.54946363e-05 
35402.263690 1.41954025e-05 
35415.776010 1.40316654e-05 
35429.288320 1.23016699e-05 
35442.800640 1.29587497e-05 
35456.312950 1.43667619e-05 
35469.825270 1.29780862e-05 
35483.337580 1.50428821e-05 
35496.849890 1.68556665e-05 
35510.362210 1.69118595e-05 
35523.874520 1.66480192e-05 
35537.386840 1.55381551e-05 
35550.899150 1.46622773e-05 
35564.411470 1.63512252e-05 
35577.923780 1.58099250e-05 
35591.436090 1.58313325e-05 
35604.948410 1.56498609e-05 
35618.460720 1.60711137e-05 
35631.973040 1.56887147e-05 
35645.485350 1.43807971e-05 
35658.997670 1.64439023e-05 
35672.509980 1.60995069e-05 
35686.022300 1.41072655e-05 
35699.534610 1.21635592e-05 
35713.046920 1.21388112e-05 
35726.559240 1.44252455e-05 
35740.071550 1.72970860e-05 
35753.583870 1.71521553e-05 
35767.096180 2.05072578e-05 
35780.608500 2.12846344e-05 
35794.120810 2.01262220e-05 
35807.633120 2.13362273e-05 
35821.145440 2.31286307e-05 
35834.657750 2.48639857e-05 
35848.170070 2.51630626e-05 
35861.682380 2.42072286e-05 
35875.194700 2.61943337e-05 
35888.707010 2.52544525e-05 
35902.219330 2.57033193e-05 
35915.731640 2.86197622e-05 
35929.243950 2.90910329e-05 
35942.756270 3.27023847e-05 
35956.268580 3.38724497e-05 
35969.780900 3.15484525e-05 
35983.293210 3.12255740e-05 
35996.805530 3.12084084e-05 
36010.317840 3.33514000e-05 
36023.830160 3.43597363e-05 
36037.342470 3.24615932e-05 
36050.854780 3.56321174e-05 
36064.367100 3.56909837e-05 
36077.879410 3.29589336e-05 
36091.391730 3.82967307e-05 
36104.904040 4.15080797e-05 
36118.416360 4.08880468e-05 
36131.928670 3.98664159e-05 
36145.440980 3.89001458e-05 
36158.953300 4.25805116e-05 
36172.465610 4.65039500e-05 
36185.977930 4.80167232e-05 
36199.490240 5.08353606e-05 
36213.002560 5.11698472e-05 
36226.514870 5.36619121e-05 
36240.027190 5.85291036e-05 
36253.539500 5.78088063e-05 
36267.051810 5.87781618e-05 
36280.564130 6.19084224e-05 
36294.076440 6.18629703e-05 
36307.588760 6.21159172e-05 
36321.101070 5.95412286e-05 
36334.613390 5.92719592e-05 
36348.125700 6.26369781e-05 
36361.638010 6.16674309e-05 
36375.150330 6.20795711e-05 
36388.662640 6.53227583e-05 
36402.174960 6.65963735e-05 
36415.687270 6.75908859e-05 
36429.199590 6.62003506e-05 
36442.711900 6.55743762e-05 
36456.224220 6.90636173e-05 
36469.736530 6.97101623e-05 
36483.248840 7.04181340e-05 
36496.761160 7.21147693e-05 
36510.273470 6.94880075e-05 
36523.785790 7.15312143e-05 
36537.298100 7.44692188e-05 
36550.810420 7.27619459e-05 
36564.322730 7.57340270e-05 
36577.835040 7.82111952e-05 
36591.347360 7.76436925e-05 
36604.859670 7.95692045e-05 
36618.371990 8.15832465e-05 
36631.884300 8.58419818e-05 
36645.396620 9.02601332e-05 
36658.908930 8.95774389e-05 
36672.421250 9.15948245e-05 
36685.933560 9.43635491e-05 
36699.445870 9.28327049e-05 
36712.958190 9.48232825e-05 
36726.470500 9.84804208e-05 
36739.982820 1.02358117e-04 
36753.495130 1.09673893e-04 
36767.007450 1.13415227e-04 
36780.519760 1.16162543e-04 
36794.032080 1.22966018e-04 
36807.544390 1.27709216e-04 
36821.056700 1.33063643e-04 
36834.569020 1.37721858e-04 
36848.081330 1.39087406e-04 
36861.593650 1.46599565e-04 
36875.105960 1.53095728e-04 
36888.618280 1.57022295e-04 
36902.130590 1.69510225e-04 
36915.642900 1.81042611e-04 
36929.155220 1.87805596e-04 
36942.667530 1.96509091e-04 
36956.179850 2.01291114e-04 
36969.692160 2.07619338e-04 
36983.204480 2.20740215e-04 
36996.716790 2.31650626e-04 
37010.229110 2.43186369e-04 
37023.741420 2.57554374e-04 
37037.253730 2.69779840e-04 
37050.766050 2.84951462e-04 
37064.278360 3.02530123e-04 
37077.790680 3.18652993e-04 
37091.302990 3.36166557e-04 
37104.815310 3.51620077e-04 
37118.327620 3.67654595e-04 
37131.839930 3.89567185e-04 
37145.352250 4.09860233e-04 
37158.864560 4.29930861e-04 
37172.376880 4.53924785e-04 
37185.889190 4.75055970e-04 
37199.401510 4.97991942e-04 
37212.913820 5.27349067e-04 
37226.426140 5.57615087e-04 
37239.938450 5.90575323e-04 
37253.450760 6.24726930e-04 
37266.963080 6.59071278e-04 
37280.475390 7.01690984e-04 
37293.987710 7.45663141e-04 
37307.500020 7.85071515e-04 
37321.012340 8.29492771e-04 
37334.524650 8.76493748e-04 
37348.036960 9.25238906e-04 
37361.549280 9.83668988e-04 
37375.061590 1.04177841e-03 
37388.573910 1.10038378e-03 
37402.086220 1.16747563e-03 
37415.598540 1.23697435e-03 
37429.110850 1.30848765e-03 
37442.623170 1.38747609e-03 
37456.135480 1.46641131e-03 
37469.647790 1.54919062e-03 
37483.160110 1.64063819e-03 
37496.672420 1.73676436e-03 
37510.184740 1.84327231e-03 
37523.697050 1.95803207e-03 
37537.209370 2.07303540e-03 
37550.721680 2.19656980e-03 
37564.234000 2.32916878e-03 
37577.746310 2.46565988e-03 
37591.258620 2.61494672e-03 
37604.770940 2.77570287e-03 
37618.283250 2.94182878e-03 
37631.795570 3.12002970e-03 
37645.307880 3.30861528e-03 
37658.820200 3.50643571e-03 
37672.332510 3.72228990e-03 
37685.844820 3.95085827e-03 
37699.357140 4.18816966e-03 
37712.869450 4.44381333e-03 
37726.381770 4.71545995e-03 
37739.894080 5.00163393e-03 
37753.406400 5.31186421e-03 
37766.918710 5.64609293e-03 
37780.431030 5.99368427e-03 
37793.943340 6.36425646e-03 
37807.455650 6.75893832e-03 
37820.967970 7.17735928e-03 
37834.480280 7.62908933e-03 
37847.992600 8.11039427e-03 
37861.504910 8.62045385e-03 
37875.017230 9.16846900e-03 
37888.529540 9.74718046e-03 
37902.041850 1.03587035e-02 
37915.554170 1.10174213e-02 
37929.066480 1.17180730e-02 
37942.578800 1.24629434e-02 
37956.091110 1.32694460e-02 
37969.603430 1.41252228e-02 
37983.115740 1.50326020e-02 
37996.628060 1.60127948e-02 
38010.140370 1.70575559e-02 
38023.652680 1.81724037e-02 
38037.165000 1.93779223e-02 
38050.677310 2.06584721e-02 
38064.189630 2.20258341e-02 
38077.701940 2.34977264e-02 
38091.214260 2.50611052e-02 
38104.726570 2.67282595e-02 
38118.238890 2.85163839e-02 
38131.751200 3.04222928e-02 
38145.263510 3.24592587e-02 
38158.775830 3.46415076e-02 
38172.288140 3.69746841e-02 
38185.800460 3.94878935e-02 
38199.312770 4.21397679e-02 
38212.825090 4.49652000e-02 
38226.337400 4.79762714e-02 
38239.849710 5.11923351e-02 
38253.362030 5.46118845e-02 
38266.874340 5.82404435e-02 
38280.386660 6.20992338e-02 
38293.898970 6.61868949e-02 
38307.411290 7.05085558e-02 
38320.923600 7.50910115e-02 
38334.435920 7.99265267e-02 
38347.948230 8.50147230e-02 
38361.460540 9.03833360e-02 
38374.972860 9.60090588e-02 
38388.485170 1.01993042e-01 
38401.997490 1.08193802e-01 
38415.509800 1.14636720e-01 
38429.022120 1.21333910e-01 
38442.534430 1.28301414e-01 
38456.046740 1.35512254e-01 
38469.559060 1.42952096e-01 
38483.071370 1.50625337e-01 
38496.583690 1.58507231e-01 
38510.096000 1.66570398e-01 
38523.608320 1.74817199e-01 
38537.120630 1.83227716e-01 
38550.632950 1.91759430e-01 
38564.145260 2.00408101e-01 
38577.657570 2.09340608e-01 
38591.169890 2.18201138e-01 
38604.682200 2.27058815e-01 
38618.194520 2.35949228e-01 
38631.706830 2.44805559e-01 
38645.219150 2.53661686e-01 
38658.731460 2.62497989e-01 
38672.243770 2.71265948e-01 
38685.756090 2.79978079e-01 
38699.268400 2.88625143e-01 
38712.780720 2.97166475e-01 
38726.293030 3.05613936e-01 
38739.805350 3.13971843e-01 
38753.317660 3.22207009e-01 
38766.829980 3.30311787e-01 
38780.342290 3.38307278e-01 
38793.854600 3.46157725e-01 
38807.366920 3.53849672e-01 
38820.879230 3.61419756e-01 
38834.391550 3.68784049e-01 
38847.903860 3.75956822e-01 
38861.416180 3.82965723e-01 
38874.928490 3.89764249e-01 
38888.440810 3.96341521e-01 
38901.953120 4.02722369e-01 
38915.465430 4.08883350e-01 
38928.977750 4.14803649e-01 
38942.490060 4.20492729e-01 
38956.002380 4.25945433e-01 
38969.514690 4.31126065e-01 
38983.027010 4.36550898e-01 
38996.539320 4.41228177e-01 
39010.051630 4.45576876e-01 
39023.563950 4.49642521e-01 
39037.076260 4.53449150e-01 
39050.588580 4.56970311e-01 
39064.100890 4.60234697e-01 
39077.613210 4.63261522e-01 
39091.125520 4.66040455e-01 
39104.637840 4.68582236e-01 
39118.150150 4.70913925e-01 
39131.662460 4.73024037e-01 
39145.174780 4.75180439e-01 
39158.687090 4.77133681e-01 
39172.199410 4.78632268e-01 
39185.711720 4.79932405e-01 
39199.224040 4.81085161e-01 
39212.736350 4.82092320e-01 
39226.248660 4.82959247e-01 
39239.760980 4.83719707e-01 
39253.273290 4.84387626e-01 
39266.785610 4.84959173e-01 
39280.297920 4.85448859e-01 
39293.810240 4.85876317e-01 
39307.322550 4.86219125e-01 
39320.834870 4.86488456e-01 
39334.347180 4.86722128e-01 
39347.859490 4.86900752e-01 
39361.371810 4.87036238e-01 
39374.884120 4.87425614e-01 
39388.396440 4.87807539e-01 
39401.908750 4.87897413e-01 
39415.421070 4.88048053e-01 
39428.933380 4.88202670e-01 
39442.445690 4.88347910e-01 
39455.958010 4.88500021e-01 
39469.470320 4.88656976e-01 
39482.982640 4.88798905e-01 
39496.494950 4.88945811e-01 
39510.007270 4.89037898e-01 
39523.519580 4.89106144e-01 
39537.031900 4.89177875e-01 
39550.544210 4.89263834e-01 
39564.056520 4.89359311e-01 
39577.568840 4.89459880e-01 
39591.081150 4.89589491e-01 
39604.593470 4.89734035e-01 
39618.105780 4.89881262e-01 
39631.618100 4.90034472e-01 
39645.130410 4.90184559e-01 
39658.642730 4.90325211e-01 
39672.155040 4.90461986e-01 
39685.667350 4.90596374e-01 
39699.179670 4.91216478e-01 
39712.691980 4.91390972e-01 
39726.204300 4.91538753e-01 
39739.716610 4.91685845e-01 
39753.228930 4.91836438e-01 
39766.741240 4.91992127e-01 
39780.253550 4.92708287e-01 
39793.765870 4.92846154e-01 
39807.278180 4.92969940e-01 
39820.790500 4.93077416e-01 
39834.302810 4.93156413e-01 
39847.815130 4.93226606e-01 
39861.327440 4.93290648e-01 
39874.839760 4.93341800e-01 
39888.352070 4.93389105e-01 
39901.864380 4.93436747e-01 
39915.376700 4.93480125e-01 
39928.889010 4.93519436e-01 
39942.401330 4.93566160e-01 
39955.913640 4.93602842e-01 
39969.425960 4.93620569e-01 
39982.938270 4.93630373e-01 
39996.450580 4.93626721e-01 
40009.962900 4.93600958e-01 
40023.475210 4.93563747e-01 
40036.987530 4.93525693e-01 
40050.499840 4.93483297e-01 
40064.012160 4.93447437e-01 
40077.524470 4.93423039e-01 
40091.036790 4.93396029e-01 
40104.549100 4.93389585e-01 
40118.061410 4.93429297e-01 
40131.573730 4.93465652e-01 
40145.086040 4.93486720e-01 
40158.598360 4.93499061e-01 
40172.110670 4.93507317e-01 
40185.622990 4.93826330e-01 
40199.135300 4.94078282e-01 
40212.647610 4.94576844e-01 
40226.159930 4.94526176e-01 
40239.672240 4.94479237e-01 
40253.184560 4.94448834e-01 
40266.696870 4.94430067e-01 
40280.209190 4.94403663e-01 
40293.721500 4.94376584e-01 
40307.233820 4.94345076e-01 
40320.746130 4.94306337e-01 
40334.258440 4.94262730e-01 
40347.770760 4.94219055e-01 
40361.283070 4.94169372e-01 
40374.795390 4.94121973e-01 
40388.307700 4.94089338e-01 
40401.820020 4.94074272e-01 
40415.332330 4.94123739e-01 
40428.844650 4.94179867e-01 
40442.356960 4.94243850e-01 
40455.869270 4.94305918e-01 
40469.381590 4.94367905e-01 
40482.893900 4.94427363e-01 
40496.406220 4.94480737e-01 
40509.918530 4.94484549e-01 
40523.430850 4.94474622e-01 
40536.943160 4.94463729e-01 
40550.455470 4.94440067e-01 
40563.967790 4.94428625e-01 
40577.480100 4.94432898e-01 
40590.992420 4.94446876e-01 
40604.504730 4.94724268e-01 
40618.017050 4.95064173e-01 
40631.529360 4.95089689e-01 
40645.041680 4.95104305e-01 
40658.553990 4.95120079e-01 
40672.066300 4.95132638e-01 
40685.578620 4.95139897e-01 
40699.090930 4.95145072e-01 
40712.603250 4.95217203e-01 
40726.115560 4.95625983e-01 
40739.627880 4.95913907e-01 
40753.140190 4.96000322e-01 
40766.652500 4.96091641e-01 
40780.164820 4.96184545e-01 
40793.677130 4.96279132e-01 
40807.189450 4.96340170e-01 
40820.701760 4.96353407e-01 
40834.214080 4.96357715e-01 
40847.726390 4.96357112e-01 
40861.238710 4.96348054e-01 
40874.751020 4.96330459e-01 
40888.263330 4.96311146e-01 
40901.775650 4.96294888e-01 
40915.287960 4.96276093e-01 
40928.800280 4.96264237e-01 
40942.312590 4.96257311e-01 
40955.824910 4.96250183e-01 
40969.337220 4.96237480e-01 
40982.849530 4.96225226e-01 
40996.361850 4.96205197e-01 
41009.874160 4.96124058e-01 
41023.386480 4.96019159e-01 
41036.898790 4.96301969e-01 
41050.411110 4.96357546e-01 
41063.923420 4.96225507e-01 
41077.435740 4.96101229e-01 
41090.948050 4.95980823e-01 
41104.460360 4.95883407e-01 
41117.972680 4.95831419e-01 
41131.484990 4.95787783e-01 
41144.997310 4.95740360e-01 
41158.509620 4.95686006e-01 
41172.021940 4.95628657e-01 
41185.534250 4.95869410e-01 
41199.046570 4.96044105e-01 
41212.558880 4.95973758e-01 
41226.071190 4.95904044e-01 
41239.583510 4.95836353e-01 
41253.095820 4.95778314e-01 
41266.608140 4.95732597e-01 
41280.120450 4.95697731e-01 
41293.632770 4.95669511e-01 
41307.145080 4.95620834e-01 
41320.657390 4.95552342e-01 
41334.169710 4.95488934e-01 
41347.682020 4.95427842e-01 
41361.194340 4.95369061e-01 
41374.706650 4.95310202e-01 
41388.218970 4.95251848e-01 
41401.731280 4.95216924e-01 
41415.243600 4.95300651e-01 
41428.755910 4.95394463e-01 
41442.268220 4.95504721e-01 
41455.780540 4.95641975e-01 
41469.292850 4.95795082e-01 
41482.805170 4.96528456e-01 
41496.317480 4.96703245e-01 
41509.829800 4.96837990e-01 
41523.342110 4.96958688e-01 
41536.854420 4.97088476e-01 
41550.366740 4.97223680e-01 
41563.879050 4.97358390e-01 
41577.391370 4.97490557e-01 
41590.903680 4.97633349e-01 
41604.416000 4.98033260e-01 
41617.928310 4.98506431e-01 
41631.440630 4.98678142e-01 
41644.952940 4.98858366e-01 
41658.465250 4.99046670e-01 
41671.977570 4.99234818e-01 
41685.489880 4.99419521e-01 
41699.002200 4.99597111e-01 
41712.514510 4.99763851e-01 
41726.026830 4.99911729e-01 
41739.539140 5.00048179e-01 
41753.051460 5.00169291e-01 
41766.563770 5.00276196e-01 
41780.076080 5.00371667e-01 
41793.588400 5.00462750e-01 
41807.100710 5.00537111e-01 
41820.613030 5.00599024e-01 
41834.125340 5.00651807e-01 
41847.637660 5.00693771e-01 
41861.149970 5.00716422e-01 
41874.662280 5.00711008e-01 
41888.174600 5.00679441e-01 
41901.686910 5.00616741e-01 
41915.199230 5.00519569e-01 
41928.711540 5.00400651e-01 
41942.223860 5.00828403e-01 
41955.736170 5.00660737e-01 
41969.248490 5.00477709e-01 
41982.760800 5.00284413e-01 
41996.273110 5.00078145e-01 
42009.785430 4.99846093e-01 
42023.297740 4.99603616e-01 
42036.810060 4.99723772e-01 
42050.322370 4.99627825e-01 
42063.834690 4.99336305e-01 
42077.347000 4.99035579e-01 
42090.859310 4.98715382e-01 
42104.371630 4.98379952e-01 
42117.883940 4.98038845e-01 
42131.396260 4.97697149e-01 
42144.908570 4.97349764e-01 
42158.420890 4.96999720e-01 
42171.933200 4.96652014e-01 
42185.445520 4.96311335e-01 
42198.957830 4.95964036e-01 
42212.470140 4.95605895e-01 
42225.982460 4.95248961e-01 
42239.494770 4.94890457e-01 
42253.007090 4.94516240e-01 
42266.519400 4.94125945e-01 
42280.031720 4.93715417e-01 
42293.544030 4.93278680e-01 
42307.056340 4.92816598e-01 
42320.568660 4.92344843e-01 
42334.080970 4.91855121e-01 
42347.593290 4.91329331e-01 
42361.105600 4.90768105e-01 
42374.617920 4.90180272e-01 
42388.130230 4.89549676e-01 
42401.642550 4.88866095e-01 
42415.154860 4.88124040e-01 
42428.667170 4.87809123e-01 
42442.179490 4.86993506e-01 
42455.691800 4.85973420e-01 
42469.204120 4.84843110e-01 
42482.716430 4.84127426e-01 
42496.228750 4.82745140e-01 
42509.741060 4.81156614e-01 
42523.253380 4.79423537e-01 
42536.765690 4.77526407e-01 
42550.278000 4.75449730e-01 
42563.790320 4.73143461e-01 
42577.302630 4.70618184e-01 
42590.814950 4.67874593e-01 
42604.327260 4.64620098e-01 
42617.839580 4.60523780e-01 
42631.351890 4.56098416e-01 
42644.864200 4.51404998e-01 
42658.376520 4.46447088e-01 
42671.888830 4.41231056e-01 
42685.401150 4.35654650e-01 
42698.913460 4.29772322e-01 
42712.425780 4.23256321e-01 
42725.938090 4.16468122e-01 
42739.450410 4.09376807e-01 
42752.962720 4.01962145e-01 
42766.475030 3.94332048e-01 
42779.987350 3.86498025e-01 
42793.499660 3.78431347e-01 
42807.011980 3.71508055e-01 
42820.524290 3.65712981e-01 
42834.036610 3.59658444e-01 
42847.548920 3.53353499e-01 
42861.061230 3.46633831e-01 
42874.573550 3.39712162e-01 
42888.085860 3.32606940e-01 
42901.598180 3.25161281e-01 
42915.110490 3.16208901e-01 
42928.622810 3.07208340e-01 
42942.135120 2.98602852e-01 
42955.647440 2.89850024e-01 
42969.159750 2.80773247e-01 
42982.672060 2.71722539e-01 
42996.184380 2.62745915e-01 
43009.696690 2.53825822e-01 
43023.209010 2.44950777e-01 
43036.721320 2.36183115e-01 
43050.233640 2.27566096e-01 
43063.745950 2.19107042e-01 
43077.258260 2.10791715e-01 
43090.770580 2.02648384e-01 
43104.282890 1.94701315e-01 
43117.795210 1.86952670e-01 
43131.307520 1.79395164e-01 
43144.819840 1.72040417e-01 
43158.332150 1.64896056e-01 
43171.844470 1.57961368e-01 
43185.356780 1.51228979e-01 
43198.869090 1.44704376e-01 
43212.381410 1.38392550e-01 
43225.893720 1.32288927e-01 
43239.406040 1.26389660e-01 
43252.918350 1.20696698e-01 
43266.430670 1.15205026e-01 
43279.942980 1.09913192e-01 
43293.455300 1.04818048e-01 
43306.967610 9.99149035e-02 
43320.479920 9.51952794e-02 
43333.992240 9.06585845e-02 
43347.504550 8.63040591e-02 
43361.016870 8.21245542e-02 
43374.529180 7.81098642e-02 
43388.041500 7.42578960e-02 
43401.553810 7.05694207e-02 
43415.066120 6.70344461e-02 
43428.578440 6.36449954e-02 
43442.090750 6.03994646e-02 
43455.603070 5.73388555e-02 
43469.115380 5.44085435e-02 
43482.627700 5.15816399e-02 
43496.140010 4.88804826e-02 
43509.652330 4.63109035e-02 
43523.164640 4.39113842e-02 
43536.676950 4.15728560e-02 
43550.189270 3.93432801e-02 
43563.701580 3.72295925e-02 
43577.213900 3.52160756e-02 
43590.726210 3.32987335e-02 
43604.238530 3.14731525e-02 
43617.750840 2.97517890e-02 
43631.263150 2.81151854e-02 
43644.775470 2.65596364e-02 
43658.287780 2.50803069e-02 
43671.800100 2.36903052e-02 
43685.312410 2.23709743e-02 
43698.824730 2.11183723e-02 
43712.337040 1.99292445e-02 
43725.849360 1.88137867e-02 
43739.361670 1.77565859e-02 
43752.873980 1.67531341e-02 
43766.386300 1.58067360e-02 
43779.898610 1.49223945e-02 
43793.410930 1.40847559e-02 
43806.923240 1.32853877e-02 
43820.435560 1.25293964e-02 
43833.947870 1.18228935e-02 
43847.460180 1.11570958e-02 
43860.972500 1.05218293e-02 
43874.484810 9.92634305e-03 
43887.997130 9.36926700e-03 
43901.509440 8.84595997e-03 
43915.021760 8.34468615e-03 
43928.534070 7.87809397e-03 
43942.046390 7.44120402e-03 
43955.558700 7.03107481e-03 
43969.071010 6.63373476e-03 
43982.583330 6.26560418e-03 
43996.095640 5.92265420e-03 
44009.607960 5.60161147e-03 
44023.120270 5.29132062e-03 
44036.632590 5.00303704e-03 
44050.144900 4.73623173e-03 
44063.657220 4.48797419e-03 
44077.169530 4.24128941e-03 
44090.681840 4.00994700e-03 
44104.194160 3.79946535e-03 
44117.706470 3.60210839e-03 
44131.218790 3.41324814e-03 
44144.731100 3.23706872e-03 
44158.243420 3.07544403e-03 
44171.755730 2.91856288e-03 
44185.268040 2.76732746e-03 
44198.780360 2.62171463e-03 
44212.292670 2.49475870e-03 
44225.804990 2.37117015e-03 
44239.317300 2.25125569e-03 
44252.829620 2.13531258e-03 
44266.341930 2.03242341e-03 
44279.854250 1.93398374e-03 
44293.366560 1.83716214e-03 
44306.878870 1.74622062e-03 
44320.391190 1.66436641e-03 
44333.903500 1.58796529e-03 
44347.415820 1.50989661e-03 
44360.928130 1.43820841e-03 
44374.440450 1.37265200e-03 
44387.952760 1.31324416e-03 
44401.465070 1.24912792e-03 
44414.977390 1.19093220e-03 
44428.489700 1.13778600e-03 
44442.002020 1.08862317e-03 
44455.514330 1.03470114e-03 
44469.026650 9.84373122e-04 
44482.538960 9.41739466e-04 
44496.051280 9.05823654e-04 
44509.563590 8.68230874e-04 
44523.075900 8.29880031e-04 
44536.588220 7.97405825e-04 
44550.100530 7.64747973e-04 
44563.612850 7.31131521e-04 
44577.125160 6.94760637e-04 
44590.637480 6.65992439e-04 
44604.149790 6.38204647e-04 
44617.662110 6.10196490e-04 
44631.174420 5.81704234e-04 
44644.686730 5.60477396e-04 
44658.199050 5.42951184e-04 
44671.711360 5.21816191e-04 
44685.223680 4.97743263e-04 
44698.735990 4.75362071e-04 
44712.248310 4.57282787e-04 
44725.760620 4.35071715e-04 
44739.272930 4.15084341e-04 
44752.785250 3.98087292e-04 
44766.297560 3.91022352e-04 
44779.809880 3.79019193e-04 
44793.322190 3.63998764e-04 
44806.834510 3.48792676e-04 
44820.346820 3.37977984e-04 
44833.859140 3.26314000e-04 
44847.371450 3.10449562e-04 
44860.883760 2.97555617e-04 
44874.396080 2.87367512e-04 
44887.908390 2.79790425e-04 
44901.420710 2.64510039e-04 
44914.933020 2.51651681e-04 
44928.445340 2.40930545e-04 
44941.957650 2.33301391e-04 
44955.469960 2.23270940e-04 
44968.982280 2.14261341e-04 
44982.494590 2.10298486e-04 
44996.006910 2.05624174e-04 
45009.519220 1.98742062e-04 
45023.031540 1.88638080e-04 
45036.543850 1.85205503e-04 
45050.056170 1.81108973e-04 
45063.568480 1.75453825e-04 
45077.080790 1.63951096e-04 
45090.593110 1.57010569e-04 
45104.105420 1.52827898e-04 
45117.617740 1.46684881e-04 
45131.130050 1.39358339e-04 
45144.642370 1.33320951e-04 
45158.154680 1.31704271e-04 
45171.666990 1.23821925e-04 
45185.179310 1.12787682e-04 
45198.691620 1.04624804e-04 
45212.203940 1.03602435e-04 
45225.716250 1.02259101e-04 
45239.228570 9.83541801e-05 
45252.740880 9.38096868e-05 
45266.253200 9.14983345e-05 
45279.765510 9.17962724e-05 
45293.277820 8.68275566e-05 
45306.790140 8.27495276e-05 
45320.302450 7.97966466e-05 
45333.814770 8.15782828e-05 
45347.327080 7.93404210e-05 
45360.839400 7.47782931e-05 
45374.351710 7.01491475e-05 
45387.864030 6.87704148e-05 
45401.376340 6.81995475e-05 
45414.888650 6.46413484e-05 
45428.400970 6.15381403e-05 
45441.913280 5.90409266e-05 
45455.425600 5.77450068e-05 
45468.937910 5.48269940e-05 
45482.450230 5.29170961e-05 
45495.962540 5.32821798e-05 
45509.474850 5.24435960e-05 
45522.987170 4.96761552e-05 
45536.499480 4.56339512e-05 
45550.011800 4.54264871e-05 
45563.524110 4.60983863e-05 
45577.036430 4.50302635e-05 
45590.548740 3.94361690e-05 
45604.061060 3.71831924e-05 
45617.573370 3.82238404e-05 
45631.085680 3.86654018e-05 
45644.598000 3.70892750e-05 
45658.110310 3.36212666e-05 
45671.622630 3.28686543e-05 
45685.134940 3.18807886e-05 
45698.647260 3.10893891e-05 
45712.159570 2.90975148e-05 
45725.671880 2.82862433e-05 
45739.184200 2.85230588e-05 
45752.696510 2.69952104e-05 
45766.208830 2.52892502e-05 
45779.721140 2.33861883e-05 
45793.233460 2.36399637e-05 
45806.745770 2.27283346e-05 
45820.258090 2.07238469e-05 
45833.770400 1.71486705e-05 
45847.282710 1.56186689e-05 
45860.795030 1.55551316e-05 
45874.307340 1.41878322e-05 
45887.819660 1.37111154e-05 
45901.331970 1.40717579e-05 
45914.844290 1.53221009e-05 
45928.356600 1.51221290e-05 
45941.868910 1.43170429e-05 
45955.381230 1.29596991e-05 
45968.893540 1.28384276e-05 
45982.405860 1.32000893e-05 
45995.918170 1.18650572e-05 
46009.430490 1.11285020e-05 
46022.942800 1.09939622e-05 
46036.455120 1.02051077e-05 
46049.967430 8.73778048e-06 
46063.479740 7.00413446e-06 
46076.992060 7.94453257e-06 
46090.504370 9.34549879e-06 
46104.016690 1.08158207e-05 
46117.529000 1.01804005e-05 
46131.041320 1.14407590e-05 
46144.553630 1.47973277e-05 
46158.065950 1.59677339e-05 
46171.578260 1.50964651e-05 
46185.090570 1.31342983e-05 
46198.602890 1.17473949e-05 
46212.115200 1.04555861e-05 
46225.627520 9.73795946e-06 
46239.139830 1.02757466e-05 
46252.652150 1.12046002e-05 
46266.164460 1.27047534e-05 
46279.676770 1.16110900e-05 
46293.189090 9.43148117e-06 
46306.701400 7.16850482e-06 
46320.213720 6.74392152e-06 
46333.726030 7.47570870e-06 
46347.238350 6.72905117e-06 
46360.750660 6.22093752e-06 
46374.262980 6.63281895e-06 
46387.775290 8.25301881e-06 
46401.287600 9.56870482e-06 
46414.799920 1.04402615e-05 
46428.312230 1.17957905e-05 
46441.824550 1.29724570e-05 
46455.336860 1.32473297e-05 
46468.849180 9.63343059e-06 
46482.361490 7.21637022e-06 
46495.873800 5.98418191e-06 
46509.386120 6.82366341e-06 
46522.898430 7.65477915e-06 
46536.410750 7.10335586e-06 
46549.923060 6.55844254e-06 
46563.435380 6.11528497e-06 
46576.947690 6.06883812e-06 
46590.460010 6.17803551e-06 
46603.972320 6.70822470e-06 
46617.484630 9.03239716e-06 
46630.996950 1.13934670e-05 
46644.509260 1.32558102e-05 
46658.021580 1.26324627e-05 
46671.533890 1.20607239e-05 
46685.046210 1.15581591e-05 
46698.558520 1.01833406e-05 
46712.070830 8.97300490e-06 
46725.583150 7.99835429e-06 
46739.095460 8.24183577e-06 
46752.607780 8.81988245e-06 
46766.120090 8.79723910e-06 
46779.632410 8.51224621e-06 
46793.144720 8.07364732e-06 
46806.657040 8.65775399e-06 
46820.169350 8.65653602e-06 
46833.681660 8.21135668e-06 
46847.193980 7.33279391e-06 
46860.706290 6.69199129e-06 
46874.218610 6.44266453e-06 
46887.730920 6.09673218e-06 
46901.243240 7.06281015e-06 
46914.755550 8.91700191e-06 
46928.267870 1.05980574e-05 
46941.780180 1.20423591e-05 
46955.292490 1.09480142e-05 
46968.804810 1.01422596e-05 
46982.317120 9.78436212e-06 
46995.829440 1.00634619e-05 
47009.341750 9.95843624e-06 
47022.854070 9.30905136e-06 
47036.366380 8.99545541e-06 
47049.878690 9.26142695e-06 
47063.391010 9.01154779e-06 
47076.903320 8.62039773e-06 
47090.415640 8.59707788e-06 
47103.927950 9.24942185e-06 
47117.440270 9.18178706e-06 
47130.952580 8.34891859e-06 
47144.464900 7.10144121e-06 
47157.977210 7.59439549e-06 
47171.489520 9.58567221e-06 
47185.001840 9.95966115e-06 
47198.514150 9.83746821e-06 
47212.026470 8.93019895e-06 
47225.538780 9.53054288e-06 
47239.051100 1.09176720e-05 
47252.563410 1.07600505e-05 
47266.075720 9.95483840e-06 
47279.588040 8.55181688e-06 
47293.100350 8.51369581e-06 
47306.612670 8.84709719e-06 
47320.124980 8.50931209e-06 
47333.637300 7.88772121e-06 
47347.149610 7.31567291e-06 
47360.661930 8.40072011e-06 
47374.174240 9.44896710e-06 
47387.686550 1.03774956e-05 
47401.198870 1.09107427e-05 
47414.711180 1.13050503e-05 
47428.223500 1.14941323e-05 
47441.735810 1.08239822e-05 
47455.248130 9.48776813e-06 
47468.760440 7.79446624e-06 
47482.272760 6.41829700e-06 
47495.785070 5.35003302e-06 
47509.297380 4.23816498e-06 
47522.809700 3.84191913e-06 
47536.322010 4.35096451e-06 
47549.834330 4.87913552e-06 
47563.346640 5.31534510e-06 
47576.858960 5.09296272e-06 
47590.371270 5.11413408e-06 
47603.883580 5.44324120e-06 
47617.395900 4.93029923e-06 
47630.908210 3.65346561e-06 
47644.420530 2.22679648e-06 
47657.932840 2.03164301e-06 
47671.445160 2.93919558e-06 
47684.957470 4.18856091e-06 
47698.469790 4.83200740e-06 
47711.982100 4.09860360e-06 
47725.494410 3.32749624e-06 
47739.006730 3.82009420e-06 
47752.519040 2.81706650e-06 
47766.031360 2.89291195e-06 
47779.543670 2.59358123e-06 
47793.055990 1.94969988e-06 
47806.568300 1.79386661e-06 
47820.080610 1.15481495e-06 
47833.592930 6.61184859e-07 
47847.105240 7.81966435e-07 
47860.617560 1.34813218e-06 
47874.129870 3.30805236e-06 
47887.642190 3.81307142e-06 
47901.154500 4.43617643e-06 
47914.666820 4.38596483e-06 
47928.179130 4.08746426e-06 
47941.691440 3.76828782e-06 
47955.203760 3.04774655e-06 
47968.716070 2.90826744e-06 
47982.228390 2.97239372e-06 
47995.740700 3.60418231e-06 
48009.253020 4.63678344e-06 
48022.765330 5.30076194e-06 
48036.277640 6.18631051e-06 
48049.789960 7.26492297e-06 
48063.302270 6.97481663e-06 
48076.814590 6.19286247e-06 
48090.326900 4.92852554e-06 
48103.839220 4.53165609e-06 
48117.351530 4.43107923e-06 
48130.863850 3.47309551e-06 
48144.376160 1.26454864e-06 
48157.888470 1.14999670e-06 
48171.400790 1.92750127e-06 
48184.913100 4.52116475e-06 
48198.425420 6.29199528e-06 
48211.937730 8.43474314e-06 
48225.450050 9.39935722e-06 
48238.962360 9.62867799e-06 
48252.474680 1.01635016e-05 
48265.986990 9.40407930e-06 
48279.499300 8.57477641e-06 
48293.011620 7.58631664e-06 
48306.523930 7.33693946e-06 
48320.036250 7.10306855e-06 
48333.548560 6.20237614e-06 
48347.060880 5.98782668e-06 
48360.573190 6.29829725e-06 
48374.085500 7.07361215e-06 
48387.597820 8.42540361e-06 
48401.110130 8.51485469e-06 
48414.622450 9.59774267e-06 
48428.134760 1.08080121e-05 
48441.647080 1.27194983e-05 
48455.159390 1.53868469e-05 
48468.671710 1.35648998e-05 
48482.184020 1.23685262e-05 
48495.696330 1.20377484e-05 
48509.208650 1.19363425e-05 
48522.720960 1.20820335e-05 
48536.233280 9.73158201e-06 
48549.745590 9.05158137e-06 
48563.257910 9.82769281e-06 
48576.770220 1.10888135e-05 
48590.282530 1.37954035e-05 
48603.794850 1.15371100e-05 
48617.307160 9.76868517e-06 
48630.819480 9.30763555e-06 
48644.331790 9.17613332e-06 
48657.844110 9.58186998e-06 
48671.356420 7.46756781e-06 
48684.868740 7.62722653e-06 
48698.381050 9.06582719e-06 
48711.893360 1.02396990e-05 
48725.405680 1.13756895e-05 
48738.917990 1.00924098e-05 
48752.430310 1.01788191e-05 
48765.942620 1.11229920e-05 
48779.454940 1.17608699e-05 
48792.967250 1.19331062e-05 
48806.479560 1.15142392e-05 
48819.991880 1.11877817e-05 
48833.504190 1.17187275e-05 
48847.016510 1.21049206e-05 
48860.528820 1.09330465e-05 
48874.041140 1.01586070e-05 
48887.553450 1.02189900e-05 
48901.065770 1.30850856e-05 
48914.578080 1.59178371e-05 
48928.090390 1.64045399e-05 
48941.602710 1.58690413e-05 
48955.115020 1.50687701e-05 
48968.627340 1.54174692e-05 
48982.139650 1.56585883e-05 
48995.651970 1.31300670e-05 
49009.164280 1.08491299e-05 
49022.676600 9.22172487e-06 
49036.188910 9.48954862e-06 
49049.701220 1.03823755e-05 
49063.213540 9.90099777e-06 
49076.725850 1.04459378e-05 
49090.238170 1.08801594e-05 
49103.750480 1.15770621e-05 
49117.262800 1.36060742e-05 
49130.775110 1.47504859e-05 
49144.287420 1.55691708e-05 
49157.799740 1.58046843e-05 
49171.312050 1.54117777e-05 
49184.824370 1.61236851e-05 
49198.336680 1.55805655e-05 
49211.849000 1.44665184e-05 
49225.361310 1.41991218e-05 
49238.873630 1.45586946e-05 
49252.385940 1.40740567e-05 
49265.898250 1.37501445e-05 
49279.410570 1.29784057e-05 
49292.922880 1.39363636e-05 
49306.435200 1.58214707e-05 
49319.947510 1.66056179e-05 
49333.459830 1.78974860e-05 
49346.972140 1.77299875e-05 
49360.484450 1.85034448e-05 
49373.996770 2.06056452e-05 
49387.509080 2.02755705e-05 
49401.021400 2.00694188e-05 
49414.533710 1.84362872e-05 
49428.046030 1.75302523e-05 
49441.558340 1.76506611e-05 
49455.070660 1.66851129e-05 
49468.582970 1.49853396e-05 
49482.095280 1.35017865e-05 
49495.607600 1.28120075e-05 
49509.119910 1.43559691e-05 
49522.632230 1.63509906e-05 
49536.144540 1.57731664e-05 
49549.656860 1.53955061e-05 
49563.169170 1.55617427e-05 
49576.681480 1.72163114e-05 
49590.193800 1.91414994e-05 
49603.706110 1.86752054e-05 
49617.218430 1.84394566e-05 
49630.730740 1.80160584e-05 
49644.243060 1.77094274e-05 
49657.755370 1.82084105e-05 
49671.267690 1.63347768e-05 
49684.780000 1.47705662e-05 
49698.292310 1.41776971e-05 
49711.804630 1.43757586e-05 
49725.316940 1.52797138e-05 
49738.829260 1.48081693e-05 
49752.341570 1.36348671e-05 
49765.853890 1.45183538e-05 
49779.366200 1.61540439e-05 
49792.878520 1.77218045e-05 
49806.390830 1.93798066e-05 
49819.903140 1.73853523e-05 
49833.415460 1.60936502e-05 
49846.927770 1.51572637e-05 
49860.440090 1.41584794e-05 
49873.952400 1.37743034e-05 
49887.464720 1.24099208e-05 
49900.977030 1.15903241e-05 
49914.489340 1.19198966e-05 
49928.001660 1.21387690e-05 
49941.513970 1.19224926e-05 
49955.026290 1.22225381e-05 
49968.538600 1.26520199e-05 
49982.050920 1.41291569e-05 
49995.563230 1.64454745e-05 
50009.075550 1.51215183e-05 
50022.587860 1.40965464e-05 
50036.100170 1.24557312e-05 
50049.612490 1.22330414e-05 
50063.124800 1.36536323e-05 
50076.637120 1.41419480e-05 
50090.149430 1.41311937e-05 
50103.661750 1.37089913e-05 
50117.174060 1.34034595e-05 
50130.686370 1.43014139e-05 
50144.198690 1.51474439e-05 
50157.711000 1.49466117e-05 
50171.223320 1.52625089e-05 
50184.735630 1.61003862e-05 
50198.247950 1.66923167e-05 
50211.760260 1.70622181e-05 
50225.272580 1.40838105e-05 
50238.784890 1.20951929e-05 
50252.297200 1.21071965e-05 
50265.809520 1.28351993e-05 
50279.321830 1.50022953e-05 
50292.834150 1.72607394e-05 
50306.346460 1.73002256e-05 
50319.858780 1.69171122e-05 
50333.371090 1.63098016e-05 
50346.883410 1.49755570e-05 
50360.395720 1.38565340e-05 
50373.908030 1.31500860e-05 
50387.420350 1.34201532e-05 
50400.932660 1.62468780e-05 
50414.444980 1.85203744e-05 
50427.957290 1.91371927e-05 
50441.469610 1.82713935e-05 
50454.981920 1.66853301e-05 
50468.494230 1.70932895e-05 
50482.006550 1.81021829e-05 
50495.518860 1.69235832e-05 
50509.031180 1.61003371e-05 
50522.543490 1.42948829e-05 
50536.055810 1.37919674e-05 
50549.568120 1.53047968e-05 
50563.080440 1.66135333e-05 
50576.592750 1.74998684e-05 
50590.105060 1.79508400e-05 
50603.617380 1.82157209e-05 
50617.129690 1.91879036e-05 
50630.642010 2.03571490e-05 
50644.154320 1.84514361e-05 
50657.666640 1.68554739e-05 
50671.178950 1.56458787e-05 
50684.691260 1.57930901e-05 
50698.203580 1.75483509e-05 
50711.715890 1.77907711e-05 
50725.228210 1.68252831e-05 
50738.740520 1.53085616e-05 
50752.252840 1.42676703e-05 
50765.765150 1.40038371e-05 
50779.277470 1.42936522e-05 
50792.789780 1.17974733e-05 
50806.302090 9.91841704e-06 
50819.814410 9.70868269e-06 
50833.326720 1.04945318e-05 
50846.839040 1.30690705e-05 
50860.351350 1.48012764e-05 
50873.863670 1.48939287e-05 
50887.375980 1.45218858e-05 
50900.888290 1.42549831e-05 
50914.400610 1.43195415e-05 
50927.912920 1.51172969e-05 
50941.425240 1.52554152e-05 
50954.937550 1.55530225e-05 
50968.449870 1.65471331e-05 
50981.962180 1.75801101e-05 
50995.474500 1.74535279e-05 
