1 0.000000
2 0.000126
3 0.000141
4 0.000158
5 0.000178
6 0.000200
7 0.000224
8 0.000251
9 0.000282
10 0.000316
11 0.000355
12 0.000398
13 0.000447
14 0.000501
15 0.000562
16 0.000631
17 0.000708
18 0.000794
19 0.000891
20 0.001000
21 0.001047
22 0.001096
23 0.001148
24 0.001202
25 0.001259
26 0.001318
27 0.001380
28 0.001445
29 0.001514
30 0.001585
31 0.001660
32 0.001738
33 0.001820
34 0.001905
35 0.001995
36 0.002089
37 0.002188
38 0.002291
39 0.002399
40 0.002512
41 0.002630
42 0.002754
43 0.002884
44 0.003020
45 0.003162
46 0.003311
47 0.003467
48 0.003631
49 0.003802
50 0.003981
51 0.004169
52 0.004365
53 0.004571
54 0.004786
55 0.005012
56 0.005248
57 0.005495
58 0.005754
59 0.006026
60 0.006310
61 0.006607
62 0.006918
63 0.007244
64 0.007586
65 0.007943
66 0.008318
67 0.008710
68 0.009120
69 0.009550
70 0.010000
71 0.010471
72 0.010965
73 0.011482
74 0.012023
75 0.012589
76 0.013183
77 0.013804
78 0.014454
79 0.015136
80 0.015849
81 0.016596
82 0.017378
83 0.018197
84 0.019055
85 0.019953
86 0.020893
87 0.021878
88 0.022909
89 0.023988
90 0.025119
91 0.026303
92 0.027542
93 0.029000
94 0.030000
95 0.031000
96 0.032000
97 0.033000
98 0.034000
99 0.035000
100 0.036000
101 0.037000
102 0.038000
103 0.039000
104 0.040000
105 0.042500
106 0.045000
107 0.047500
108 0.050000
109 0.052500
110 0.055000
111 0.057088
112 0.064054
113 0.071870
114 0.080639
115 0.090478
116 0.101518
117 0.113906
118 0.127804
119 0.143399
120 0.160896
121 0.180529
122 0.202557
123 0.227272
124 0.255004
125 0.286119
126 0.321031
127 0.360203
128 0.404154
129 0.453469
130 0.508801
131 0.570884
132 0.640543
133 0.718701
134 0.806396
135 0.904792
136 1.015190
137 1.139070
138 1.278050
139 1.434000
140 1.608980
141 1.680000
142 1.700000
143 1.800000
144 1.900000
145 2.000000
146 2.100000
147 2.200000
148 2.300000
149 2.400000
150 2.500000
151 2.600000
152 2.750000
153 3.000000
154 3.250000
155 3.500000
156 3.750000
157 4.000000
158 4.250000
159 4.500000
160 4.750000
161 5.000000
162 5.250000
163 5.500000
164 5.750000
165 6.000000
166 6.250000
167 6.500000
168 6.750000
169 7.000000
170 7.250000
171 7.500000
172 7.750000
173 8.000000
174 8.250000
175 8.500000
176 8.750000
177 8.999999
178 9.250000
179 9.500000
180 9.750000
181 10.000000
182 10.250000
183 10.500000
184 10.750000
185 11.000001
186 11.250000
187 11.500000
188 11.750000
189 12.000000
190 12.250000
191 12.500000
192 12.750000
193 13.000000
194 13.250000
195 13.500000
196 13.750000
197 14.000000
198 14.250000
199 14.500000
200 14.750000
201 15.000001
202 15.250000
203 15.500000
204 15.750000
205 16.000000
206 16.250000
207 16.500000
208 16.750000
209 17.000000
210 17.250001
211 17.500000
212 17.750000
213 17.999999
214 18.250000
215 18.500000
216 18.749999
217 19.000001
218 19.250000
219 19.499999
220 19.750001
221 20.000000
