0.00000000 0.00000000 0.00000000 
0.00978474 0.00976252 0.00985804 
0.01956948 0.01948041 0.01986163 
0.02935422 0.02915345 0.03000922 
0.03913896 0.03878138 0.04029925 
0.04892370 0.04836401 0.05073015 
0.05870844 0.05790111 0.06130040 
0.06849318 0.06739250 0.07200843 
0.07827792 0.07683801 0.08285273 
0.08806266 0.08623745 0.09383175 
0.09784740 0.09559068 0.10494398 
0.10763214 0.10489755 0.11618790 
0.11741688 0.11415795 0.12756202 
0.12720162 0.12337174 0.13906482 
0.13698636 0.13253882 0.15069484 
0.14677110 0.14165911 0.16245058 
0.15655584 0.15073252 0.17433058 
0.16634058 0.15975898 0.18633339 
0.17612532 0.16873844 0.19845755 
0.18591006 0.17767084 0.21070163 
0.19569480 0.18655615 0.22306422 
0.20547954 0.19539435 0.23554389 
0.21526428 0.20418542 0.24813924 
0.22504902 0.21292935 0.26084890 
0.23483376 0.22162616 0.27367147 
0.24461850 0.23027586 0.28660560 
0.25440324 0.23887848 0.29964994 
0.26418798 0.24743404 0.31280314 
0.27397272 0.25594261 0.32606390 
0.28375746 0.26440422 0.33943089 
0.29354220 0.27281894 0.35290281 
0.30332694 0.28118685 0.36647839 
0.31311168 0.28950802 0.38015636 
0.32289642 0.29778254 0.39393545 
0.33268116 0.30601050 0.40781443 
0.34246590 0.31419201 0.42179207 
0.35225064 0.32232719 0.43586715 
0.36203538 0.33041614 0.45003847 
0.37182012 0.33845899 0.46430485 
0.38160486 0.34645587 0.47866512 
0.39138960 0.35440693 0.49311811 
0.40117434 0.36231230 0.50766269 
0.41095908 0.37017213 0.52229773 
0.42074382 0.37798659 0.53702211 
0.43052856 0.38575583 0.55183473 
0.44031330 0.39348002 0.56673450 
0.45009804 0.40115933 0.58172035 
0.45988278 0.40879394 0.59679123 
0.46966752 0.41638403 0.61194608 
0.47945226 0.42392979 0.62718388 
0.48923700 0.43143140 0.64250361 
0.49902174 0.43888907 0.65790426 
0.50880648 0.44630300 0.67338486 
0.51859122 0.45367338 0.68894441 
0.52837596 0.46100042 0.70458196 
0.53816070 0.46828434 0.72029656 
0.54794544 0.47552534 0.73608728 
0.55773018 0.48272364 0.75195318 
0.56751492 0.48987946 0.76789336 
0.57729966 0.49699303 0.78390693 
0.58708440 0.50406456 0.79999300 
0.59686914 0.51109429 0.81615069 
0.60665388 0.51808244 0.83237916 
0.61643862 0.52502924 0.84867754 
0.62622336 0.53193494 0.86504502 
0.63600810 0.53879975 0.88148076 
0.64579284 0.54562393 0.89798396 
0.65557758 0.55240771 0.91455382 
0.66536232 0.55915133 0.93118955 
0.67514706 0.56585502 0.94789038 
0.68493180 0.57251905 0.96465555 
0.69471654 0.57914363 0.98148429 
0.70450128 0.58572903 0.99837588 
0.71428602 0.59227549 1.01532958 
0.72407076 0.59878324 1.03234468 
0.73385550 0.60525255 1.04942046 
0.74364024 0.61168365 1.06655623 
0.75342498 0.61807680 1.08375131 
0.76320972 0.62443225 1.10100501 
0.77299446 0.63075023 1.11831666 
0.78277920 0.63703100 1.13568562 
0.79256394 0.64327482 1.15311124 
0.80234868 0.64948192 1.17059287 
0.81213342 0.65565255 1.18812990 
0.82191816 0.66178697 1.20572170 
0.83170290 0.66788543 1.22336767 
0.84148764 0.67394816 1.24106721 
0.85127238 0.67997542 1.25881972 
0.86105712 0.68596746 1.27662463 
0.87084186 0.69192452 1.29448136 
0.88062660 0.69784685 1.31238936 
0.89041134 0.70373470 1.33034806 
0.90019608 0.70958830 1.34835692 
0.90998082 0.71540791 1.36641539 
0.91976556 0.72119377 1.38452296 
0.92955030 0.72694612 1.40267910 
0.93933504 0.73266519 1.42088328 
0.94911978 0.73835125 1.43913502 
0.95890452 0.74400451 1.45743380 
0.96868926 0.74962523 1.47577913 
0.97847400 0.75521363 1.49417054 
0.98825874 0.76076997 1.51260754 
0.99804348 0.76629447 1.53108966 
1.00782822 0.77178736 1.54961645 
1.01761296 0.77724889 1.56818744 
1.02739770 0.78267929 1.58680219 
1.03718244 0.78807878 1.60546024 
1.04696718 0.79344759 1.62416118 
1.05675192 0.79878596 1.64290457 
1.06653666 0.80409412 1.66168998 
1.07632140 0.80937228 1.68051699 
1.08610614 0.81462068 1.69938521 
1.09589088 0.81983954 1.71829422 
1.10567562 0.82502908 1.73724362 
1.11546036 0.83018952 1.75623302 
1.12524510 0.83532108 1.77526204 
1.13502984 0.84042398 1.79433028 
1.14481458 0.84549844 1.81343739 
1.15459932 0.85054467 1.83258298 
1.16438406 0.85556289 1.85176669 
1.17416880 0.86055331 1.87098816 
1.18395354 0.86551614 1.89024703 
1.19373828 0.87045159 1.90954297 
1.20352302 0.87535986 1.92887561 
1.21330776 0.88024118 1.94824462 
1.22309250 0.88509573 1.96764968 
1.23287724 0.88992373 1.98709044 
1.24266198 0.89472537 2.00656658 
1.25244672 0.89950087 2.02607778 
1.26223146 0.90425041 2.04562373 
1.27201620 0.90897420 2.06520410 
1.28180094 0.91367243 2.08481861 
1.29158568 0.91834530 2.10446693 
1.30137042 0.92299300 2.12414878 
1.31115516 0.92761572 2.14386386 
1.32093990 0.93221366 2.16361187 
1.33072464 0.93678700 2.18339254 
1.34050938 0.94133593 2.20320557 
1.35029412 0.94586064 2.22305069 
1.36007886 0.95036130 2.24292762 
1.36986360 0.95483812 2.26283610 
1.37964834 0.95929126 2.28277585 
1.38943308 0.96372091 2.30274662 
1.39921782 0.96812724 2.32274813 
1.40900256 0.97251044 2.34278014 
1.41878730 0.97687068 2.36284239 
1.42857204 0.98120813 2.38293462 
1.43835678 0.98552297 2.40305660 
1.44814152 0.98981536 2.42320808 
1.45792626 0.99408549 2.44338882 
1.46771100 0.99833351 2.46359858 
1.47749574 1.00255960 2.48383713 
1.48728048 1.00676392 2.50410424 
1.49706522 1.01094663 2.52439968 
1.50684996 1.01510791 2.54472321 
1.51663470 1.01924790 2.56507464 
1.52641944 1.02336678 2.58545372 
1.53620418 1.02746469 2.60586025 
1.54598892 1.03154181 2.62629402 
1.55577366 1.03559828 2.64675480 
1.56555840 1.03963426 2.66724241 
1.57534314 1.04364990 2.68775661 
1.58512788 1.04764536 2.70829723 
1.59491262 1.05162079 2.72886405 
1.60469736 1.05557633 2.74945687 
1.61448210 1.05951213 2.77007551 
1.62426684 1.06342835 2.79071977 
1.63405158 1.06732513 2.81138945 
1.64383632 1.07120261 2.83208438 
1.65362106 1.07506094 2.85280436 
1.66340580 1.07890026 2.87354920 
1.67319054 1.08272070 2.89431874 
1.68297528 1.08652242 2.91511279 
1.69276002 1.09030554 2.93593117 
1.70254476 1.09407021 2.95677371 
1.71232950 1.09781655 2.97764023 
1.72211424 1.10154472 2.99853056 
1.73189898 1.10525483 3.01944455 
1.74168372 1.10894703 3.04038201 
1.75146846 1.11262143 3.06134278 
1.76125320 1.11627818 3.08232671 
1.77103794 1.11991741 3.10333363 
1.78082268 1.12353923 3.12436337 
1.79060742 1.12714378 3.14541580 
1.80039216 1.13073118 3.16649074 
1.81017690 1.13430156 3.18758805 
1.81996164 1.13785504 3.20870757 
1.82974638 1.14139174 3.22984916 
1.83953112 1.14491179 3.25101266 
1.84931586 1.14841530 3.27219793 
1.85910060 1.15190239 3.29340483 
1.86888534 1.15537319 3.31463320 
1.87867008 1.15882780 3.33588292 
1.88845482 1.16226635 3.35715384 
1.89823956 1.16568894 3.37844581 
1.90802430 1.16909570 3.39975871 
1.91780904 1.17248674 3.42109240 
1.92759378 1.17586216 3.44244675 
1.93737852 1.17922208 3.46382161 
1.94716326 1.18256661 3.48521687 
1.95694800 1.18589586 3.50663239 
1.96673274 1.18920993 3.52806805 
1.97651748 1.19250894 3.54952371 
1.98630222 1.19579299 3.57099925 
1.99608696 1.19906218 3.59249455 
2.00587170 1.20231661 3.61400948 
2.01565644 1.20555640 3.63554393 
2.02544118 1.20878165 3.65709777 
2.03522592 1.21199244 3.67867088 
2.04501066 1.21518890 3.70026316 
2.05479540 1.21837111 3.72187447 
2.06458014 1.22153918 3.74350470 
2.07436488 1.22469320 3.76515375 
2.08414962 1.22783327 3.78682150 
2.09393436 1.23095948 3.80850783 
2.10371910 1.23407194 3.83021264 
2.11350384 1.23717073 3.85193582 
2.12328858 1.24025595 3.87367726 
2.13307332 1.24332770 3.89543685 
2.14285806 1.24638606 3.91721448 
2.15264280 1.24943113 3.93901006 
2.16242754 1.25246300 3.96082347 
2.17221228 1.25548175 3.98265462 
2.18199702 1.25848748 4.00450340 
2.19178176 1.26148027 4.02636971 
2.20156650 1.26446021 4.04825346 
2.21135124 1.26742739 4.07015453 
2.22113598 1.27038190 4.09207285 
2.23092072 1.27332382 4.11400830 
2.24070546 1.27625322 4.13596079 
2.25049020 1.27917021 4.15793024 
2.26027494 1.28207486 4.17991653 
2.27005968 1.28496725 4.20191959 
2.27984442 1.28784746 4.22393931 
2.28962916 1.29071558 4.24597561 
2.29941390 1.29357169 4.26802840 
2.30919864 1.29641586 4.29009759 
2.31898338 1.29924817 4.31218308 
2.32876812 1.30206870 4.33428479 
2.33855286 1.30487754 4.35640264 
2.34833760 1.30767475 4.37853653 
2.35812234 1.31046041 4.40068639 
2.36790708 1.31323460 4.42285212 
2.37769182 1.31599740 4.44503364 
2.38747656 1.31874887 4.46723087 
2.39726130 1.32148909 4.48944373 
2.40704604 1.32421813 4.51167214 
2.41683078 1.32693607 4.53391600 
2.42661552 1.32964298 4.55617526 
2.43640026 1.33233892 4.57844982 
2.44618500 1.33502398 4.60073960 
2.45596974 1.33769821 4.62304453 
2.46575448 1.34036169 4.64536454 
2.47553922 1.34301449 4.66769954 
2.48532396 1.34565668 4.69004945 
2.49510870 1.34828831 4.71241422 
2.50489344 1.35090947 4.73479374 
2.51467818 1.35352022 4.75718797 
2.52446292 1.35612061 4.77959681 
2.53424766 1.35871073 4.80202021 
2.54403240 1.36129062 4.82445808 
2.55381714 1.36386037 4.84691035 
2.56360188 1.36642002 4.86937697 
2.57338662 1.36896965 4.89185784 
2.58317136 1.37150932 4.91435291 
2.59295610 1.37403908 4.93686211 
2.60274084 1.37655901 4.95938536 
2.61252558 1.37906916 4.98192261 
2.62231032 1.38156959 5.00447378 
2.63209506 1.38406036 5.02703880 
2.64187980 1.38654154 5.04961761 
2.65166454 1.38901317 5.07221015 
2.66144928 1.39147533 5.09481635 
2.67123402 1.39392807 5.11743614 
2.68101876 1.39637144 5.14006946 
2.69080350 1.39880550 5.16271625 
2.70058824 1.40123032 5.18537645 
2.71037298 1.40364594 5.20804999 
2.72015772 1.40605243 5.23073681 
2.72994246 1.40844984 5.25343684 
2.73972720 1.41083821 5.27615004 
2.74951194 1.41321762 5.29887634 
2.75929668 1.41558811 5.32161567 
2.76908142 1.41794973 5.34436798 
2.77886616 1.42030254 5.36713321 
2.78865090 1.42264660 5.38991131 
2.79843564 1.42498194 5.41270221 
2.80822038 1.42730864 5.43550585 
2.81800512 1.42962673 5.45832218 
2.82778986 1.43193627 5.48115115 
2.83757460 1.43423731 5.50399269 
2.84735934 1.43652991 5.52684675 
2.85714408 1.43881410 5.54971328 
2.86692882 1.44108994 5.57259221 
2.87671356 1.44335748 5.59548351 
2.88649830 1.44561677 5.61838710 
2.89628304 1.44786785 5.64130295 
2.90606778 1.45011078 5.66423099 
2.91585252 1.45234560 5.68717117 
2.92563726 1.45457236 5.71012344 
2.93542200 1.45679110 5.73308775 
2.94520674 1.45900188 5.75606404 
2.95499148 1.46120473 5.77905227 
2.96477622 1.46339971 5.80205239 
2.97456096 1.46558687 5.82506434 
2.98434570 1.46776623 5.84808807 
2.99413044 1.46993786 5.87112354 
3.00391518 1.47210179 5.89417069 
3.01369992 1.47425806 5.91722948 
3.02348466 1.47640674 5.94029985 
3.03326940 1.47854784 5.96338177 
3.04305414 1.48068143 5.98647517 
3.05283888 1.48280753 6.00958002 
3.06262362 1.48492620 6.03269626 
3.07240836 1.48703748 6.05582386 
3.08219310 1.48914140 6.07896276 
3.09197784 1.49123801 6.10211291 
3.10176258 1.49332736 6.12527428 
3.11154732 1.49540947 6.14844681 
3.12133206 1.49748440 6.17163046 
3.13111680 1.49955218 6.19482518 
3.14090154 1.50161284 6.21803094 
3.15068628 1.50366645 6.24124768 
3.16047102 1.50571302 6.26447537 
3.17025576 1.50775260 6.28771396 
3.18004050 1.50978523 6.31096340 
3.18982524 1.51181094 6.33422365 
3.19960998 1.51382979 6.35749467 
3.20939472 1.51584179 6.38077642 
3.21917946 1.51784699 6.40406886 
3.22896420 1.51984544 6.42737194 
3.23874894 1.52183715 6.45068562 
3.24853368 1.52382218 6.47400987 
3.25831842 1.52580056 6.49734463 
3.26810316 1.52777232 6.52068987 
3.27788790 1.52973750 6.54404555 
3.28767264 1.53169614 6.56741163 
3.29745738 1.53364827 6.59078806 
3.30724212 1.53559392 6.61417482 
3.31702686 1.53753314 6.63757185 
3.32681160 1.53946595 6.66097913 
3.33659634 1.54139239 6.68439661 
3.34638108 1.54331250 6.70782425 
3.35616582 1.54522630 6.73126201 
3.36595056 1.54713384 6.75470987 
3.37573530 1.54903515 6.77816777 
3.38552004 1.55093025 6.80163568 
3.39530478 1.55281918 6.82511357 
3.40508952 1.55470198 6.84860139 
3.41487426 1.55657867 6.87209911 
3.42465900 1.55844929 6.89560670 
3.43444374 1.56031388 6.91912411 
3.44422848 1.56217246 6.94265132 
3.45401322 1.56402506 6.96618828 
3.46379796 1.56587171 6.98973496 
3.47358270 1.56771246 7.01329132 
3.48336744 1.56954732 7.03685733 
3.49315218 1.57137632 7.06043296 
3.50293692 1.57319951 7.08401816 
3.51272166 1.57501691 7.10761291 
3.52250640 1.57682854 7.13121717 
3.53229114 1.57863444 7.15483091 
3.54207588 1.58043465 7.17845409 
3.55186062 1.58222917 7.20208667 
3.56164536 1.58401806 7.22572863 
3.57143010 1.58580133 7.24937994 
3.58121484 1.58757902 7.27304055 
3.59099958 1.58935114 7.29671044 
3.60078432 1.59111774 7.32038957 
3.61056906 1.59287884 7.34407791 
3.62035380 1.59463447 7.36777543 
3.63013854 1.59638465 7.39148210 
3.63992328 1.59812942 7.41519788 
3.64970802 1.59986879 7.43892275 
3.65949276 1.60160280 7.46265666 
3.66927750 1.60333148 7.48639960 
3.67906224 1.60505485 7.51015153 
3.68884698 1.60677293 7.53391241 
3.69863172 1.60848576 7.55768222 
3.70841646 1.61019336 7.58146093 
3.71820120 1.61189576 7.60524850 
3.72798594 1.61359298 7.62904492 
3.73777068 1.61528505 7.65285013 
3.74755542 1.61697199 7.67666413 
3.75734016 1.61865383 7.70048687 
3.76712490 1.62033060 7.72431833 
3.77690964 1.62200231 7.74815847 
3.78669438 1.62366900 7.77200728 
3.79647912 1.62533069 7.79586472 
3.80626386 1.62698740 7.81973075 
3.81604860 1.62863916 7.84360536 
3.82583334 1.63028600 7.86748852 
3.83561808 1.63192793 7.89138019 
3.84540282 1.63356498 7.91528035 
3.85518756 1.63519717 7.93918896 
3.86497230 1.63682453 7.96310602 
3.87475704 1.63844709 7.98703147 
3.88454178 1.64006485 8.01096530 
3.89432652 1.64167786 8.03490748 
3.90411126 1.64328612 8.05885799 
3.91389600 1.64488967 8.08281679 
3.92368074 1.64648853 8.10678385 
3.93346548 1.64808271 8.13075916 
3.94325022 1.64967225 8.15474269 
3.95303496 1.65125715 8.17873440 
3.96281970 1.65283745 8.20273428 
3.97260444 1.65441317 8.22674229 
3.98238918 1.65598433 8.25075842 
3.99217392 1.65755095 8.27478263 
4.00195866 1.65911305 8.29881489 
4.01174340 1.66067065 8.32285519 
4.02152814 1.66222378 8.34690350 
4.03131288 1.66377246 8.37095979 
4.04109762 1.66531670 8.39502404 
4.05088236 1.66685653 8.41909623 
4.06066710 1.66839196 8.44317632 
4.07045184 1.66992303 8.46726429 
4.08023658 1.67144974 8.49136012 
4.09002132 1.67297213 8.51546379 
4.09980606 1.67449020 8.53957526 
4.10959080 1.67600398 8.56369452 
4.11937554 1.67751349 8.58782154 
4.12916028 1.67901875 8.61195630 
4.13894502 1.68051978 8.63609878 
4.14872976 1.68201660 8.66024894 
4.15851450 1.68350923 8.68440677 
4.16829924 1.68499768 8.70857225 
4.17808398 1.68648198 8.73274534 
4.18786872 1.68796215 8.75692603 
4.19765346 1.68943820 8.78111429 
4.20743820 1.69091015 8.80531011 
4.21722294 1.69237802 8.82951345 
4.22700768 1.69384184 8.85372429 
4.23679242 1.69530161 8.87794262 
4.24657716 1.69675736 8.90216841 
4.25636190 1.69820911 8.92640164 
4.26614664 1.69965686 8.95064228 
4.27593138 1.70110065 8.97489032 
4.28571612 1.70254049 8.99914573 
4.29550086 1.70397640 9.02340849 
4.30528560 1.70540839 9.04767857 
4.31507034 1.70683648 9.07195596 
4.32485508 1.70826069 9.09624064 
4.33463982 1.70968104 9.12053258 
4.34442456 1.71109755 9.14483176 
4.35420930 1.71251022 9.16913816 
4.36399404 1.71391909 9.19345176 
4.37377878 1.71532415 9.21777254 
4.38356352 1.71672544 9.24210048 
4.39334826 1.71812297 9.26643555 
4.40313300 1.71951676 9.29077774 
4.41291774 1.72090681 9.31512703 
4.42270248 1.72229316 9.33948339 
4.43248722 1.72367581 9.36384680 
4.44227196 1.72505478 9.38821725 
4.45205670 1.72643009 9.41259471 
4.46184144 1.72780174 9.43697917 
4.47162618 1.72916977 9.46137060 
4.48141092 1.73053419 9.48576899 
4.49119566 1.73189500 9.51017431 
4.50098040 1.73325223 9.53458654 
4.51076514 1.73460589 9.55900567 
4.52054988 1.73595600 9.58343168 
4.53033462 1.73730257 9.60786454 
4.54011936 1.73864562 9.63230424 
4.54990410 1.73998516 9.65675076 
4.55968884 1.74132121 9.68120407 
4.56947358 1.74265378 9.70566417 
4.57925832 1.74398289 9.73013102 
4.58904306 1.74530855 9.75460462 
4.59882780 1.74663078 9.77908494 
4.60861254 1.74794959 9.80357197 
4.61839728 1.74926499 9.82806568 
4.62818202 1.75057701 9.85256606 
4.63796676 1.75188565 9.87707308 
4.64775150 1.75319094 9.90158674 
4.65753624 1.75449287 9.92610701 
4.66732098 1.75579148 9.95063388 
4.67710572 1.75708676 9.97516732 
4.68689046 1.75837875 9.99970732 
4.69667520 1.75966744 10.02425386 
4.70645994 1.76095285 10.04880692 
4.71624468 1.76223501 10.07336649 
4.72602942 1.76351391 10.09793254 
4.73581416 1.76478958 10.12250507 
4.74559890 1.76606203 10.14708404 
4.75538364 1.76733127 10.17166945 
4.76516838 1.76859731 10.19626128 
4.77495312 1.76986017 10.22085951 
4.78473786 1.77111986 10.24546412 
4.79452260 1.77237640 10.27007510 
4.80430734 1.77362979 10.29469243 
4.81409208 1.77488006 10.31931609 
4.82387682 1.77612721 10.34394607 
4.83366156 1.77737125 10.36858234 
4.84344630 1.77861220 10.39322490 
4.85323104 1.77985008 10.41787372 
4.86301578 1.78108489 10.44252879 
4.87280052 1.78231664 10.46719009 
4.88258526 1.78354535 10.49185761 
4.89237000 1.78477104 10.51653133 
4.90215474 1.78599371 10.54121123 
4.91193948 1.78721337 10.56589730 
4.92172422 1.78843005 10.59058952 
4.93150896 1.78964374 10.61528787 
4.94129370 1.79085446 10.63999235 
4.95107844 1.79206223 10.66470293 
4.96086318 1.79326706 10.68941959 
4.97064792 1.79446895 10.71414233 
4.98043266 1.79566793 10.73887113 
4.99021740 1.79686399 10.76360596 
5.00000214 1.79805716 10.78834682 
5.00978688 1.79924745 10.81309369 
5.01957162 1.80043485 10.83784655 
5.02935636 1.80161940 10.86260540 
5.03914110 1.80280110 10.88737020 
5.04892584 1.80397995 10.91214096 
5.05871058 1.80515598 10.93691765 
5.06849532 1.80632919 10.96170025 
5.07828006 1.80749960 10.98648876 
5.08806480 1.80866721 11.01128316 
5.09784954 1.80983203 11.03608344 
5.10763428 1.81099409 11.06088957 
5.11741902 1.81215338 11.08570154 
5.12720376 1.81330992 11.11051935 
5.13698850 1.81446372 11.13534297 
5.14677324 1.81561479 11.16017239 
5.15655798 1.81676314 11.18500759 
5.16634272 1.81790878 11.20984857 
5.17612746 1.81905172 11.23469530 
5.18591220 1.82019198 11.25954778 
5.19569694 1.82132956 11.28440599 
5.20548168 1.82246447 11.30926990 
5.21526642 1.82359673 11.33413952 
5.22505116 1.82472634 11.35901483 
5.23483590 1.82585332 11.38389581 
5.24462064 1.82697767 11.40878245 
5.25440538 1.82809940 11.43367473 
5.26419012 1.82921853 11.45857264 
5.27397486 1.83033506 11.48347617 
5.28375960 1.83144901 11.50838530 
5.29354434 1.83256038 11.53330002 
5.30332908 1.83366919 11.55822032 
5.31311382 1.83477544 11.58314618 
5.32289856 1.83587914 11.60807758 
5.33268330 1.83698031 11.63301453 
5.34246804 1.83807895 11.65795699 
5.35225278 1.83917507 11.68290497 
5.36203752 1.84026869 11.70785844 
5.37182226 1.84135980 11.73281739 
5.38160700 1.84244843 11.75778181 
5.39139174 1.84353458 11.78275169 
5.40117648 1.84461826 11.80772701 
5.41096122 1.84569948 11.83270776 
5.42074596 1.84677824 11.85769393 
5.43053070 1.84785456 11.88268550 
5.44031544 1.84892845 11.90768247 
5.45010018 1.84999992 11.93268481 
5.45988492 1.85106897 11.95769252 
5.46966966 1.85213561 11.98270558 
5.47945440 1.85319986 12.00772398 
5.48923914 1.85426172 12.03274771 
5.49902388 1.85532120 12.05777676 
5.50880862 1.85637830 12.08281111 
5.51859336 1.85743305 12.10785075 
5.52837810 1.85848544 12.13289567 
5.53816284 1.85953549 12.15794585 
5.54794758 1.86058320 12.18300129 
5.55773232 1.86162859 12.20806197 
5.56751706 1.86267166 12.23312788 
5.57730180 1.86371241 12.25819900 
5.58708654 1.86475087 12.28327534 
5.59687128 1.86578703 12.30835686 
5.60665602 1.86682090 12.33344357 
5.61644076 1.86785250 12.35853544 
5.62622550 1.86888184 12.38363247 
5.63601024 1.86990891 12.40873465 
5.64579498 1.87093373 12.43384196 
5.65557972 1.87195630 12.45895440 
5.66536446 1.87297664 12.48407194 
5.67514920 1.87399475 12.50919458 
5.68493394 1.87501065 12.53432231 
5.69471868 1.87602433 12.55945512 
5.70450342 1.87703581 12.58459299 
5.71428816 1.87804509 12.60973591 
5.72407290 1.87905218 12.63488387 
5.73385764 1.88005710 12.66003686 
5.74364238 1.88105984 12.68519487 
5.75342712 1.88206042 12.71035789 
5.76321186 1.88305884 12.73552590 
5.77299660 1.88405512 12.76069890 
5.78278134 1.88504925 12.78587687 
5.79256608 1.88604125 12.81105980 
5.80235082 1.88703112 12.83624769 
5.81213556 1.88801887 12.86144051 
5.82192030 1.88900452 12.88663826 
5.83170504 1.88998806 12.91184093 
5.84148978 1.89096950 12.93704851 
5.85127452 1.89194886 12.96226099 
5.86105926 1.89292613 12.98747835 
5.87084400 1.89390133 13.01270058 
5.88062874 1.89487446 13.03792768 
5.89041348 1.89584554 13.06315963 
5.90019822 1.89681456 13.08839643 
5.90998296 1.89778153 13.11363805 
5.91976770 1.89874647 13.13888450 
5.92955244 1.89970938 13.16413576 
5.93933718 1.90067026 13.18939182 
5.94912192 1.90162913 13.21465267 
5.95890666 1.90258599 13.23991829 
5.96869140 1.90354084 13.26518869 
5.97847614 1.90449370 13.29046385 
5.98826088 1.90544457 13.31574375 
5.99804562 1.90639346 13.34102839 
6.00783036 1.90734037 13.36631776 
6.01761510 1.90828532 13.39161185 
6.02739984 1.90922830 13.41691064 
6.03718458 1.91016933 13.44221413 
6.04696932 1.91110841 13.46752231 
6.05675406 1.91204555 13.49283517 
6.06653880 1.91298075 13.51815269 
6.07632354 1.91391402 13.54347487 
6.08610828 1.91484538 13.56880169 
6.09589302 1.91577482 13.59413316 
6.10567776 1.91670235 13.61946925 
6.11546250 1.91762798 13.64480996 
6.12524724 1.91855171 13.67015527 
6.13503198 1.91947355 13.69550519 
6.14481672 1.92039351 13.72085969 
6.15460146 1.92131160 13.74621877 
6.16438620 1.92222781 13.77158242 
6.17417094 1.92314216 13.79695063 
6.18395568 1.92405466 13.82232339 
6.19374042 1.92496530 13.84770068 
6.20352516 1.92587410 13.87308251 
6.21330990 1.92678106 13.89846886 
6.22309464 1.92768618 13.92385972 
6.23287938 1.92858948 13.94925508 
6.24266412 1.92949096 13.97465494 
6.25244886 1.93039062 14.00005928 
6.26223360 1.93128848 14.02546809 
6.27201834 1.93218453 14.05088137 
6.28180308 1.93307879 14.07629910 
6.29158782 1.93397126 14.10172128 
6.30137256 1.93486194 14.12714790 
6.31115730 1.93575085 14.15257894 
6.32094204 1.93663798 14.17801440 
6.33072678 1.93752335 14.20345428 
6.34051152 1.93840695 14.22889855 
6.35029626 1.93928880 14.25434721 
6.36008100 1.94016890 14.27980026 
6.36986574 1.94104726 14.30525768 
6.37965048 1.94192388 14.33071946 
6.38943522 1.94279876 14.35618561 
6.39921996 1.94367192 14.38165609 
6.40900470 1.94454336 14.40713092 
6.41878944 1.94541309 14.43261007 
6.42857418 1.94628110 14.45809355 
6.43835892 1.94714741 14.48358133 
6.44814366 1.94801203 14.50907342 
6.45792840 1.94887495 14.53456981 
6.46771314 1.94973618 14.56007047 
6.47749788 1.95059573 14.58557542 
6.48728262 1.95145360 14.61108463 
6.49706736 1.95230980 14.63659811 
6.50685210 1.95316434 14.66211583 
6.51663684 1.95401722 14.68763780 
6.52642158 1.95486844 14.71316400 
6.53620632 1.95571801 14.73869443 
6.54599106 1.95656594 14.76422907 
6.55577580 1.95741223 14.78976792 
6.56556054 1.95825688 14.81531097 
6.57534528 1.95909991 14.84085822 
6.58513002 1.95994131 14.86640965 
6.59491476 1.96078109 14.89196525 
6.60469950 1.96161926 14.91752502 
6.61448424 1.96245583 14.94308895 
6.62426898 1.96329079 14.96865704 
6.63405372 1.96412415 14.99422926 
6.64383846 1.96495592 15.01980562 
6.65362320 1.96578610 15.04538610 
6.66340794 1.96661470 15.07097070 
6.67319268 1.96744172 15.09655942 
6.68297742 1.96826717 15.12215223 
6.69276216 1.96909105 15.14774914 
6.70254690 1.96991337 15.17335013 
6.71233164 1.97073413 15.19895520 
6.72211638 1.97155334 15.22456435 
6.73190112 1.97237100 15.25017755 
6.74168586 1.97318712 15.27579481 
6.75147060 1.97400170 15.30141611 
6.76125534 1.97481474 15.32704146 
6.77104008 1.97562626 15.35267083 
6.78082482 1.97643625 15.37830423 
6.79060956 1.97724472 15.40394164 
6.80039430 1.97805168 15.42958306 
6.81017904 1.97885713 15.45522848 
6.81996378 1.97966107 15.48087790 
6.82974852 1.98046352 15.50653129 
6.83953326 1.98126446 15.53218866 
6.84931800 1.98206392 15.55785001 
6.85910274 1.98286189 15.58351531 
6.86888748 1.98365838 15.60918457 
6.87867222 1.98445339 15.63485777 
6.88845696 1.98524692 15.66053492 
6.89824170 1.98603899 15.68621599 
6.90802644 1.98682960 15.71190099 
6.91781118 1.98761874 15.73758991 
6.92759592 1.98840643 15.76328273 
6.93738066 1.98919267 15.78897946 
6.94716540 1.98997747 15.81468008 
6.95695014 1.99076082 15.84038458 
6.96673488 1.99154274 15.86609297 
6.97651962 1.99232322 15.89180523 
6.98630436 1.99310227 15.91752136 
6.99608910 1.99387990 15.94324134 
7.00587384 1.99465611 15.96896517 
7.01565858 1.99543090 15.99469285 
7.02544332 1.99620429 16.02042436 
7.03522806 1.99697626 16.04615971 
7.04501280 1.99774684 16.07189887 
7.05479754 1.99851601 16.09764185 
7.06458228 1.99928379 16.12338864 
7.07436702 2.00005018 16.14913922 
7.08415176 2.00081519 16.17489361 
7.09393650 2.00157881 16.20065177 
7.10372124 2.00234105 16.22641372 
7.11350598 2.00310192 16.25217944 
7.12329072 2.00386143 16.27794893 
7.13307546 2.00461956 16.30372217 
7.14286020 2.00537634 16.32949917 
7.15264494 2.00613176 16.35527991 
7.16242968 2.00688582 16.38106439 
7.17221442 2.00763854 16.40685260 
7.18199916 2.00838991 16.43264453 
7.19178390 2.00913994 16.45844019 
7.20156864 2.00988863 16.48423955 
7.21135338 2.01063599 16.51004262 
7.22113812 2.01138202 16.53584938 
7.23092286 2.01212672 16.56165983 
7.24070760 2.01287011 16.58747397 
7.25049234 2.01361217 16.61329179 
7.26027708 2.01435292 16.63911327 
7.27006182 2.01509236 16.66493842 
7.27984656 2.01583050 16.69076723 
7.28963130 2.01656733 16.71659969 
7.29941604 2.01730287 16.74243579 
7.30920078 2.01803711 16.76827553 
7.31898552 2.01877006 16.79411890 
7.32877026 2.01950172 16.81996589 
7.33855500 2.02023210 16.84581650 
7.34833974 2.02096120 16.87167073 
7.35812448 2.02168903 16.89752855 
7.36790922 2.02241558 16.92338998 
7.37769396 2.02314086 16.94925500 
7.38747870 2.02386488 16.97512360 
7.39726344 2.02458764 17.00099579 
7.40704818 2.02530914 17.02687154 
7.41683292 2.02602939 17.05275086 
7.42661766 2.02674839 17.07863375 
7.43640240 2.02746614 17.10452018 
7.44618714 2.02818264 17.13041017 
7.45597188 2.02889791 17.15630369 
7.46575662 2.02961194 17.18220075 
7.47554136 2.03032474 17.20810134 
7.48532610 2.03103631 17.23400545 
7.49511084 2.03174666 17.25991308 
7.50489558 2.03245578 17.28582422 
7.51468032 2.03316369 17.31173886 
7.52446506 2.03387038 17.33765700 
7.53424980 2.03457586 17.36357863 
7.54403454 2.03528013 17.38950375 
7.55381928 2.03598320 17.41543234 
7.56360402 2.03668507 17.44136441 
7.57338876 2.03738573 17.46729995 
7.58317350 2.03808521 17.49323895 
7.59295824 2.03878349 17.51918141 
7.60274298 2.03948059 17.54512731 
7.61252772 2.04017650 17.57107666 
7.62231246 2.04087123 17.59702944 
7.63209720 2.04156478 17.62298566 
7.64188194 2.04225716 17.64894530 
7.65166668 2.04294837 17.67490836 
7.66145142 2.04363841 17.70087483 
7.67123616 2.04432729 17.72684471 
7.68102090 2.04501500 17.75281800 
7.69080564 2.04570156 17.77879468 
7.70059038 2.04638697 17.80477475 
7.71037512 2.04707122 17.83075820 
7.72015986 2.04775432 17.85674504 
7.72994460 2.04843628 17.88273524 
7.73972934 2.04911710 17.90872882 
7.74951408 2.04979678 17.93472575 
7.75929882 2.05047532 17.96072604 
7.76908356 2.05115273 17.98672968 
7.77886830 2.05182901 18.01273667 
7.78865304 2.05250417 18.03874699 
7.79843778 2.05317820 18.06476065 
7.80822252 2.05385111 18.09077763 
7.81800726 2.05452291 18.11679794 
7.82779200 2.05519359 18.14282156 
7.83757674 2.05586317 18.16884849 
7.84736148 2.05653163 18.19487873 
7.85714622 2.05719899 18.22091226 
7.86693096 2.05786525 18.24694909 
7.87671570 2.05853041 18.27298921 
7.88650044 2.05919448 18.29903261 
7.89628518 2.05985745 18.32507929 
7.90606992 2.06051933 18.35112923 
7.91585466 2.06118013 18.37718245 
7.92563940 2.06183984 18.40323893 
7.93542414 2.06249847 18.42929866 
7.94520888 2.06315603 18.45536164 
7.95499362 2.06381251 18.48142786 
7.96477836 2.06446792 18.50749733 
7.97456310 2.06512226 18.53357002 
7.98434784 2.06577553 18.55964595 
7.99413258 2.06642774 18.58572510 
8.00391732 2.06707890 18.61180747 
8.01370206 2.06772899 18.63789305 
8.02348680 2.06837803 18.66398183 
8.03327154 2.06902602 18.69007382 
8.04305628 2.06967295 18.71616900 
8.05284102 2.07031885 18.74226738 
8.06262576 2.07096370 18.76836894 
8.07241050 2.07160750 18.79447368 
8.08219524 2.07225028 18.82058160 
8.09197998 2.07289201 18.84669268 
8.10176472 2.07353272 18.87280694 
8.11154946 2.07417239 18.89892435 
8.12133420 2.07481104 18.92504491 
8.13111894 2.07544867 18.95116863 
8.14090368 2.07608527 18.97729549 
8.15068842 2.07672086 19.00342549 
8.16047316 2.07735543 19.02955863 
8.17025790 2.07798898 19.05569489 
8.18004264 2.07862153 19.08183428 
8.18982738 2.07925307 19.10797678 
8.19961212 2.07988360 19.13412240 
8.20939686 2.08051313 19.16027113 
8.21918160 2.08114167 19.18642296 
8.22896634 2.08176920 19.21257790 
8.23875108 2.08239574 19.23873592 
8.24853582 2.08302129 19.26489703 
8.25832056 2.08364585 19.29106123 
8.26810530 2.08426943 19.31722851 
8.27789004 2.08489201 19.34339886 
8.28767478 2.08551362 19.36957228 
8.29745952 2.08613425 19.39574876 
8.30724426 2.08675391 19.42192831 
8.31702900 2.08737258 19.44811091 
8.32681374 2.08799029 19.47429655 
8.33659848 2.08860703 19.50048524 
8.34638322 2.08922281 19.52667698 
8.35616796 2.08983762 19.55287174 
8.36595270 2.09045146 19.57906954 
8.37573744 2.09106435 19.60527036 
8.38552218 2.09167629 19.63147420 
8.39530692 2.09228727 19.65768106 
8.40509166 2.09289730 19.68389093 
8.41487640 2.09350638 19.71010380 
8.42466114 2.09411451 19.73631968 
8.43444588 2.09472170 19.76253855 
8.44423062 2.09532795 19.78876042 
8.45401536 2.09593326 19.81498527 
8.46380010 2.09653764 19.84121311 
8.47358484 2.09714108 19.86744392 
8.48336958 2.09774359 19.89367770 
8.49315432 2.09834516 19.91991446 
8.50293906 2.09894582 19.94615418 
8.51272380 2.09954554 19.97239685 
8.52250854 2.10014435 19.99864249 
8.53229328 2.10074223 20.02489107 
8.54207802 2.10133920 20.05114260 
8.55186276 2.10193525 20.07739706 
8.56164750 2.10253039 20.10365447 
8.57143224 2.10312462 20.12991481 
8.58121698 2.10371794 20.15617807 
8.59100172 2.10431036 20.18244426 
8.60078646 2.10490187 20.20871336 
8.61057120 2.10549248 20.23498538 
8.62035594 2.10608219 20.26126030 
8.63014068 2.10667100 20.28753814 
8.63992542 2.10725892 20.31381887 
8.64971016 2.10784595 20.34010249 
8.65949490 2.10843209 20.36638901 
8.66927964 2.10901734 20.39267842 
8.67906438 2.10960170 20.41897071 
8.68884912 2.11018518 20.44526587 
8.69863386 2.11076778 20.47156391 
8.70841860 2.11134951 20.49786482 
8.71820334 2.11193035 20.52416859 
8.72798808 2.11251032 20.55047522 
8.73777282 2.11308942 20.57678471 
8.74755756 2.11366765 20.60309705 
8.75734230 2.11424501 20.62941224 
8.76712704 2.11482150 20.65573027 
8.77691178 2.11539713 20.68205114 
8.78669652 2.11597190 20.70837484 
8.79648126 2.11654581 20.73470137 
8.80626600 2.11711886 20.76103073 
8.81605074 2.11769106 20.78736291 
8.82583548 2.11826241 20.81369791 
8.83562022 2.11883290 20.84003572 
8.84540496 2.11940255 20.86637634 
8.85518970 2.11997134 20.89271976 
8.86497444 2.12053930 20.91906598 
8.87475918 2.12110641 20.94541500 
8.88454392 2.12167268 20.97176681 
8.89432866 2.12223812 20.99812141 
8.90411340 2.12280271 21.02447879 
8.91389814 2.12336648 21.05083895 
8.92368288 2.12392941 21.07720189 
8.93346762 2.12449151 21.10356760 
8.94325236 2.12505278 21.12993607 
8.95303710 2.12561323 21.15630731 
8.96282184 2.12617285 21.18268130 
8.97260658 2.12673165 21.20905805 
8.98239132 2.12728963 21.23543755 
8.99217606 2.12784679 21.26181980 
9.00196080 2.12840314 21.28820478 
9.01174554 2.12895867 21.31459251 
9.02153028 2.12951340 21.34098297 
9.03131502 2.13006731 21.36737616 
9.04109976 2.13062041 21.39377208 
9.05088450 2.13117271 21.42017071 
9.06066924 2.13172420 21.44657207 
9.07045398 2.13227489 21.47297614 
9.08023872 2.13282478 21.49938292 
9.09002346 2.13337387 21.52579240 
9.09980820 2.13392217 21.55220459 
9.10959294 2.13446967 21.57861948 
9.11937768 2.13501638 21.60503705 
9.12916242 2.13556229 21.63145732 
9.13894716 2.13610742 21.65788028 
9.14873190 2.13665176 21.68430592 
9.15851664 2.13719532 21.71073423 
9.16830138 2.13773810 21.73716522 
9.17808612 2.13828009 21.76359888 
9.18787086 2.13882130 21.79003521 
9.19765560 2.13936174 21.81647420 
9.20744034 2.13990140 21.84291585 
9.21722508 2.14044028 21.86936015 
9.22700982 2.14097840 21.89580711 
9.23679456 2.14151574 21.92225671 
9.24657930 2.14205232 21.94870895 
9.25636404 2.14258813 21.97516384 
9.26614878 2.14312317 22.00162136 
9.27593352 2.14365746 22.02808151 
9.28571826 2.14419098 22.05454429 
9.29550300 2.14472374 22.08100970 
9.30528774 2.14525574 22.10747772 
9.31507248 2.14578699 22.13394836 
9.32485722 2.14631749 22.16042162 
9.33464196 2.14684723 22.18689748 
9.34442670 2.14737622 22.21337595 
9.35421144 2.14790447 22.23985703 
9.36399618 2.14843197 22.26634070 
9.37378092 2.14895872 22.29282696 
9.38356566 2.14948473 22.31931582 
9.39335040 2.15001000 22.34580726 
9.40313514 2.15053452 22.37230129 
9.41291988 2.15105831 22.39879789 
9.42270462 2.15158137 22.42529707 
9.43248936 2.15210369 22.45179883 
9.44227410 2.15262527 22.47830315 
9.45205884 2.15314613 22.50481004 
9.46184358 2.15366626 22.53131948 
9.47162832 2.15418565 22.55783149 
9.48141306 2.15470432 22.58434605 
9.49119780 2.15522227 22.61086316 
9.50098254 2.15573950 22.63738282 
9.51076728 2.15625600 22.66390502 
9.52055202 2.15677179 22.69042976 
9.53033676 2.15728685 22.71695704 
9.54012150 2.15780120 22.74348685 
9.54990624 2.15831484 22.77001919 
9.55969098 2.15882776 22.79655405 
9.56947572 2.15933998 22.82309144 
9.57926046 2.15985148 22.84963135 
9.58904520 2.16036227 22.87617376 
9.59882994 2.16087236 22.90271870 
9.60861468 2.16138175 22.92926613 
9.61839942 2.16189043 22.95581608 
9.62818416 2.16239841 22.98236852 
9.63796890 2.16290569 23.00892346 
9.64775364 2.16341227 23.03548090 
9.65753838 2.16391816 23.06204082 
9.66732312 2.16442335 23.08860324 
9.67710786 2.16492785 23.11516813 
9.68689260 2.16543165 23.14173551 
9.69667734 2.16593477 23.16830536 
9.70646208 2.16643720 23.19487769 
9.71624682 2.16693894 23.22145248 
9.72603156 2.16743999 23.24802975 
9.73581630 2.16794036 23.27460947 
9.74560104 2.16844005 23.30119166 
9.75538578 2.16893906 23.32777630 
9.76517052 2.16943739 23.35436339 
9.77495526 2.16993504 23.38095293 
9.78474000 2.17043201 23.40754492 
9.79452474 2.17092831 23.43413936 
9.80430948 2.17142394 23.46073623 
9.81409422 2.17191889 23.48733553 
9.82387896 2.17241318 23.51393727 
9.83366370 2.17290679 23.54054144 
9.84344844 2.17339974 23.56714804 
9.85323318 2.17389203 23.59375706 
9.86301792 2.17438364 23.62036850 
9.87280266 2.17487460 23.64698235 
9.88258740 2.17536490 23.67359862 
9.89237214 2.17585453 23.70021729 
9.90215688 2.17634351 23.72683837 
9.91194162 2.17683183 23.75346186 
9.92172636 2.17731950 23.78008775 
9.93151110 2.17780651 23.80671603 
9.94129584 2.17829287 23.83334670 
9.95108058 2.17877858 23.85997977 
9.96086532 2.17926364 23.88661522 
9.97065006 2.17974805 23.91325305 
9.98043480 2.18023181 23.93989327 
9.99021954 2.18071493 23.96653586 
10.00000428 2.18119741 23.99318083 
10.00978902 2.18167924 24.01982817 
10.01957376 2.18216044 24.04647787 
10.02935850 2.18264099 24.07312994 
10.03914324 2.18312090 24.09978437 
10.04892798 2.18360018 24.12644116 
10.05871272 2.18407883 24.15310030 
10.06849746 2.18455684 24.17976180 
10.07828220 2.18503421 24.20642564 
10.08806694 2.18551096 24.23309183 
10.09785168 2.18598708 24.25976037 
10.10763642 2.18646257 24.28643124 
10.11742116 2.18693743 24.31310444 
10.12720590 2.18741166 24.33977998 
10.13699064 2.18788528 24.36645785 
10.14677538 2.18835827 24.39313805 
10.15656012 2.18883063 24.41982057 
10.16634486 2.18930238 24.44650541 
10.17612960 2.18977351 24.47319257 
10.18591434 2.19024402 24.49988204 
10.19569908 2.19071392 24.52657383 
10.20548382 2.19118320 24.55326792 
10.21526856 2.19165187 24.57996432 
10.22505330 2.19211993 24.60666302 
10.23483804 2.19258737 24.63336402 
10.24462278 2.19305421 24.66006732 
10.25440752 2.19352044 24.68677291 
10.26419226 2.19398606 24.71348079 
10.27397700 2.19445108 24.74019095 
10.28376174 2.19491549 24.76690340 
10.29354648 2.19537930 24.79361813 
10.30333122 2.19584251 24.82033515 
10.31311596 2.19630511 24.84705443 
10.32290070 2.19676712 24.87377599 
10.33268544 2.19722853 24.90049982 
10.34247018 2.19768935 24.92722591 
10.35225492 2.19814957 24.95395427 
10.36203966 2.19860920 24.98068488 
10.37182440 2.19906823 25.00741776 
10.38160914 2.19952667 25.03415289 
10.39139388 2.19998453 25.06089027 
10.40117862 2.20044179 25.08762990 
10.41096336 2.20089847 25.11437177 
10.42074810 2.20135456 25.14111589 
10.43053284 2.20181006 25.16786225 
10.44031758 2.20226499 25.19461084 
10.45010232 2.20271933 25.22136167 
10.45988706 2.20317309 25.24811473 
10.46967180 2.20362626 25.27487002 
10.47945654 2.20407886 25.30162754 
10.48924128 2.20453089 25.32838727 
10.49902602 2.20498233 25.35514923 
10.50881076 2.20543321 25.38191341 
10.51859550 2.20588350 25.40867979 
10.52838024 2.20633323 25.43544839 
10.53816498 2.20678238 25.46221920 
10.54794972 2.20723097 25.48899221 
10.55773446 2.20767898 25.51576743 
10.56751920 2.20812643 25.54254485 
10.57730394 2.20857331 25.56932446 
10.58708868 2.20901962 25.59610627 
10.59687342 2.20946537 25.62289027 
10.60665816 2.20991056 25.64967646 
10.61644290 2.21035519 25.67646483 
10.62622764 2.21079925 25.70325539 
10.63601238 2.21124276 25.73004812 
10.64579712 2.21168571 25.75684304 
10.65558186 2.21212810 25.78364013 
10.66536660 2.21256993 25.81043939 
10.67515134 2.21301121 25.83724082 
10.68493608 2.21345194 25.86404442 
10.69472082 2.21389211 25.89085019 
10.70450556 2.21433174 25.91765811 
10.71429030 2.21477081 25.94446819 
10.72407504 2.21520933 25.97128043 
10.73385978 2.21564731 25.99809482 
10.74364452 2.21608474 26.02491136 
10.75342926 2.21652162 26.05173005 
10.76321400 2.21695796 26.07855088 
10.77299874 2.21739375 26.10537386 
10.78278348 2.21782901 26.13219897 
10.79256822 2.21826372 26.15902622 
10.80235296 2.21869789 26.18585561 
10.81213770 2.21913152 26.21268713 
10.82192244 2.21956462 26.23952077 
10.83170718 2.21999718 26.26635655 
10.84149192 2.22042920 26.29319444 
10.85127666 2.22086069 26.32003446 
10.86106140 2.22129165 26.34687659 
10.87084614 2.22172207 26.37372084 
10.88063088 2.22215196 26.40056721 
10.89041562 2.22258132 26.42741568 
10.90020036 2.22301016 26.45426626 
10.90998510 2.22343846 26.48111895 
10.91976984 2.22386624 26.50797374 
10.92955458 2.22429349 26.53483063 
10.93933932 2.22472022 26.56168961 
10.94912406 2.22514643 26.58855069 
10.95890880 2.22557211 26.61541387 
10.96869354 2.22599727 26.64227913 
10.97847828 2.22642191 26.66914648 
10.98826302 2.22684603 26.69601591 
10.99804776 2.22726963 26.72288743 
11.00783250 2.22769272 26.74976102 
11.01761724 2.22811529 26.77663669 
11.02740198 2.22853734 26.80351444 
11.03718672 2.22895888 26.83039425 
11.04697146 2.22937991 26.85727614 
11.05675620 2.22980042 26.88416009 
11.06654094 2.23022043 26.91104611 
11.07632568 2.23063992 26.93793418 
11.08611042 2.23105891 26.96482432 
11.09589516 2.23147739 26.99171651 
11.10567990 2.23189536 27.01861076 
11.11546464 2.23231282 27.04550706 
11.12524938 2.23272978 27.07240540 
11.13503412 2.23314624 27.09930580 
11.14481886 2.23356219 27.12620823 
11.15460360 2.23397764 27.15311271 
11.16438834 2.23439259 27.18001923 
11.17417308 2.23480705 27.20692778 
11.18395782 2.23522100 27.23383837 
11.19374256 2.23563445 27.26075099 
11.20352730 2.23604741 27.28766564 
11.21331204 2.23645987 27.31458231 
11.22309678 2.23687184 27.34150101 
11.23288152 2.23728332 27.36842173 
11.24266626 2.23769430 27.39534447 
11.25245100 2.23810479 27.42226923 
11.26223574 2.23851478 27.44919600 
11.27202048 2.23892429 27.47612478 
11.28180522 2.23933331 27.50305557 
11.29158996 2.23974184 27.52998837 
11.30137470 2.24014989 27.55692318 
11.31115944 2.24055745 27.58385998 
11.32094418 2.24096452 27.61079879 
11.33072892 2.24137111 27.63773959 
11.34051366 2.24177722 27.66468239 
11.35029840 2.24218284 27.69162719 
11.36008314 2.24258799 27.71857397 
11.36986788 2.24299265 27.74552274 
11.37965262 2.24339683 27.77247349 
11.38943736 2.24380054 27.79942623 
11.39922210 2.24420377 27.82638095 
11.40900684 2.24460652 27.85333765 
11.41879158 2.24500880 27.88029632 
11.42857632 2.24541060 27.90725697 
11.43836106 2.24581192 27.93421959 
11.44814580 2.24621278 27.96118418 
11.45793054 2.24661316 27.98815074 
11.46771528 2.24701308 28.01511926 
11.47750002 2.24741252 28.04208974 
11.48728476 2.24781149 28.06906218 
11.49706950 2.24821000 28.09603658 
11.50685424 2.24860803 28.12301294 
11.51663898 2.24900561 28.14999124 
11.52642372 2.24940271 28.17697150 
11.53620846 2.24979936 28.20395371 
11.54599320 2.25019553 28.23093786 
11.55577794 2.25059125 28.25792396 
11.56556268 2.25098650 28.28491199 
11.57534742 2.25138130 28.31190197 
11.58513216 2.25177563 28.33889388 
11.59491690 2.25216950 28.36588773 
11.60470164 2.25256292 28.39288351 
11.61448638 2.25295588 28.41988122 
11.62427112 2.25334838 28.44688086 
11.63405586 2.25374043 28.47388243 
11.64384060 2.25413202 28.50088591 
11.65362534 2.25452315 28.52789132 
11.66341008 2.25491384 28.55489865 
11.67319482 2.25530407 28.58190789 
11.68297956 2.25569385 28.60891905 
11.69276430 2.25608319 28.63593212 
11.70254904 2.25647207 28.66294710 
11.71233378 2.25686050 28.68996399 
11.72211852 2.25724849 28.71698278 
11.73190326 2.25763603 28.74400348 
11.74168800 2.25802312 28.77102607 
11.75147274 2.25840977 28.79805057 
11.76125748 2.25879597 28.82507696 
11.77104222 2.25918173 28.85210525 
11.78082696 2.25956705 28.87913543 
11.79061170 2.25995192 28.90616750 
11.80039644 2.26033636 28.93320146 
11.81018118 2.26072035 28.96023730 
11.81996592 2.26110391 28.98727503 
11.82975066 2.26148702 29.01431464 
11.83953540 2.26186970 29.04135612 
11.84932014 2.26225195 29.06839949 
11.85910488 2.26263375 29.09544473 
11.86888962 2.26301512 29.12249184 
11.87867436 2.26339606 29.14954082 
11.88845910 2.26377657 29.17659167 
11.89824384 2.26415664 29.20364439 
11.90802858 2.26453628 29.23069897 
11.91781332 2.26491548 29.25775542 
11.92759806 2.26529426 29.28481372 
11.93738280 2.26567261 29.31187388 
11.94716754 2.26605053 29.33893590 
11.95695228 2.26642803 29.36599977 
11.96673702 2.26680509 29.39306549 
11.97652176 2.26718173 29.42013307 
11.98630650 2.26755795 29.44720248 
11.99609124 2.26793374 29.47427375 
12.00587598 2.26830910 29.50134686 
12.01566072 2.26868404 29.52842180 
12.02544546 2.26905857 29.55549859 
12.03523020 2.26943267 29.58257722 
12.04501494 2.26980634 29.60965768 
12.05479968 2.27017960 29.63673997 
12.06458442 2.27055244 29.66382409 
12.07436916 2.27092487 29.69091004 
12.08415390 2.27129687 29.71799782 
12.09393864 2.27166846 29.74508742 
12.10372338 2.27203963 29.77217884 
12.11350812 2.27241039 29.79927209 
12.12329286 2.27278073 29.82636715 
12.13307760 2.27315066 29.85346403 
12.14286234 2.27352018 29.88056272 
12.15264708 2.27388928 29.90766322 
12.16243182 2.27425798 29.93476554 
12.17221656 2.27462626 29.96186966 
12.18200130 2.27499413 29.98897559 
12.19178604 2.27536160 30.01608333 
12.20157078 2.27572865 30.04319286 
12.21135552 2.27609530 30.07030420 
12.22114026 2.27646154 30.09741733 
12.23092500 2.27682738 30.12453226 
12.24070974 2.27719281 30.15164898 
12.25049448 2.27755783 30.17876750 
12.26027922 2.27792246 30.20588780 
12.27006396 2.27828667 30.23300990 
12.27984870 2.27865049 30.26013377 
12.28963344 2.27901391 30.28725944 
12.29941818 2.27937692 30.31438688 
12.30920292 2.27973954 30.34151611 
12.31898766 2.28010175 30.36864711 
12.32877240 2.28046357 30.39577989 
12.33855714 2.28082499 30.42291445 
12.34834188 2.28118601 30.45005077 
12.35812662 2.28154664 30.47718887 
12.36791136 2.28190687 30.50432873 
12.37769610 2.28226670 30.53147036 
12.38748084 2.28262614 30.55861376 
12.39726558 2.28298519 30.58575892 
12.40705032 2.28334385 30.61290584 
12.41683506 2.28370211 30.64005451 
12.42661980 2.28405998 30.66720495 
12.43640454 2.28441746 30.69435713 
12.44618928 2.28477455 30.72151108 
12.45597402 2.28513125 30.74866677 
12.46575876 2.28548757 30.77582421 
12.47554350 2.28584349 30.80298340 
12.48532824 2.28619903 30.83014433 
12.49511298 2.28655418 30.85730701 
12.50489772 2.28690895 30.88447142 
12.51468246 2.28726333 30.91163758 
12.52446720 2.28761732 30.93880548 
12.53425194 2.28797094 30.96597511 
12.54403668 2.28832417 30.99314647 
12.55382142 2.28867702 31.02031957 
12.56360616 2.28902948 31.04749439 
12.57339090 2.28938157 31.07467095 
12.58317564 2.28973327 31.10184923 
12.59296038 2.29008460 31.12902923 
12.60274512 2.29043555 31.15621096 
12.61252986 2.29078612 31.18339441 
12.62231460 2.29113631 31.21057957 
12.63209934 2.29148612 31.23776646 
12.64188408 2.29183556 31.26495506 
12.65166882 2.29218462 31.29214537 
12.66145356 2.29253331 31.31933739 
12.67123830 2.29288163 31.34653112 
12.68102304 2.29322957 31.37372656 
12.69080778 2.29357714 31.40092371 
12.70059252 2.29392433 31.42812256 
12.71037726 2.29427116 31.45532311 
12.72016200 2.29461761 31.48252536 
12.72994674 2.29496370 31.50972931 
12.73973148 2.29530941 31.53693496 
12.74951622 2.29565476 31.56414230 
12.75930096 2.29599973 31.59135134 
12.76908570 2.29634434 31.61856206 
12.77887044 2.29668859 31.64577448 
12.78865518 2.29703246 31.67298858 
12.79843992 2.29737598 31.70020437 
12.80822466 2.29771912 31.72742185 
12.81800940 2.29806190 31.75464100 
12.82779414 2.29840432 31.78186184 
12.83757888 2.29874638 31.80908435 
12.84736362 2.29908807 31.83630854 
12.85714836 2.29942940 31.86353441 
12.86693310 2.29977038 31.89076195 
12.87671784 2.30011099 31.91799116 
12.88650258 2.30045124 31.94522204 
12.89628732 2.30079113 31.97245459 
12.90607206 2.30113066 31.99968880 
12.91585680 2.30146984 32.02692468 
12.92564154 2.30180865 32.05416222 
12.93542628 2.30214712 32.08140142 
12.94521102 2.30248522 32.10864229 
12.95499576 2.30282297 32.13588481 
12.96478050 2.30316037 32.16312898 
12.97456524 2.30349741 32.19037481 
12.98434998 2.30383410 32.21762229 
12.99413472 2.30417043 32.24487142 
13.00391946 2.30450641 32.27212220 
13.01370420 2.30484204 32.29937463 
13.02348894 2.30517732 32.32662870 
13.03327368 2.30551225 32.35388441 
13.04305842 2.30584683 32.38114177 
13.05284316 2.30618106 32.40840077 
13.06262790 2.30651494 32.43566140 
13.07241264 2.30684848 32.46292367 
13.08219738 2.30718166 32.49018758 
13.09198212 2.30751450 32.51745312 
13.10176686 2.30784700 32.54472029 
13.11155160 2.30817914 32.57198909 
13.12133634 2.30851095 32.59925952 
13.13112108 2.30884240 32.62653157 
13.14090582 2.30917352 32.65380525 
13.15069056 2.30950429 32.68108056 
13.16047530 2.30983472 32.70835748 
13.17026004 2.31016481 32.73563602 
13.18004478 2.31049455 32.76291619 
13.18982952 2.31082395 32.79019796 
13.19961426 2.31115302 32.81748135 
13.20939900 2.31148174 32.84476636 
13.21918374 2.31181013 32.87205298 
13.22896848 2.31213817 32.89934120 
13.23875322 2.31246588 32.92663103 
13.24853796 2.31279325 32.95392247 
13.25832270 2.31312029 32.98121552 
13.26810744 2.31344699 33.00851017 
13.27789218 2.31377335 33.03580641 
13.28767692 2.31409938 33.06310426 
13.29746166 2.31442507 33.09040371 
13.30724640 2.31475043 33.11770475 
13.31703114 2.31507546 33.14500738 
13.32681588 2.31540015 33.17231161 
13.33660062 2.31572451 33.19961743 
13.34638536 2.31604854 33.22692484 
13.35617010 2.31637224 33.25423384 
13.36595484 2.31669560 33.28154443 
13.37573958 2.31701864 33.30885660 
13.38552432 2.31734135 33.33617035 
13.39530906 2.31766373 33.36348569 
13.40509380 2.31798578 33.39080260 
13.41487854 2.31830750 33.41812109 
13.42466328 2.31862890 33.44544116 
13.43444802 2.31894997 33.47276281 
13.44423276 2.31927071 33.50008602 
13.45401750 2.31959113 33.52741081 
13.46380224 2.31991123 33.55473717 
13.47358698 2.32023099 33.58206510 
13.48337172 2.32055044 33.60939460 
13.49315646 2.32086956 33.63672566 
13.50294120 2.32118836 33.66405829 
13.51272594 2.32150684 33.69139247 
13.52251068 2.32182499 33.71872822 
13.53229542 2.32214282 33.74606553 
13.54208016 2.32246034 33.77340439 
13.55186490 2.32277753 33.80074482 
13.56164964 2.32309440 33.82808679 
13.57143438 2.32341096 33.85543032 
13.58121912 2.32372719 33.88277540 
13.59100386 2.32404311 33.91012203 
13.60078860 2.32435871 33.93747021 
13.61057334 2.32467400 33.96481993 
13.62035808 2.32498896 33.99217120 
13.63014282 2.32530362 34.01952401 
13.63992756 2.32561795 34.04687837 
13.64971230 2.32593197 34.07423426 
13.65949704 2.32624568 34.10159169 
13.66928178 2.32655908 34.12895067 
13.67906652 2.32687216 34.15631117 
13.68885126 2.32718492 34.18367321 
13.69863600 2.32749738 34.21103679 
13.70842074 2.32780952 34.23840189 
13.71820548 2.32812136 34.26576853 
13.72799022 2.32843288 34.29313669 
13.73777496 2.32874409 34.32050638 
13.74755970 2.32905500 34.34787759 
13.75734444 2.32936559 34.37525033 
13.76712918 2.32967587 34.40262459 
13.77691392 2.32998585 34.43000037 
13.78669866 2.33029552 34.45737767 
13.79648340 2.33060488 34.48475648 
13.80626814 2.33091394 34.51213681 
13.81605288 2.33122269 34.53951866 
13.82583762 2.33153114 34.56690202 
13.83562236 2.33183928 34.59428689 
13.84540710 2.33214711 34.62167327 
13.85519184 2.33245464 34.64906116 
13.86497658 2.33276187 34.67645055 
13.87476132 2.33306879 34.70384146 
13.88454606 2.33337542 34.73123386 
13.89433080 2.33368174 34.75862777 
13.90411554 2.33398776 34.78602318 
13.91390028 2.33429347 34.81342008 
13.92368502 2.33459889 34.84081849 
13.93346976 2.33490401 34.86821839 
13.94325450 2.33520883 34.89561979 
13.95303924 2.33551334 34.92302268 
13.96282398 2.33581756 34.95042706 
13.97260872 2.33612149 34.97783294 
13.98239346 2.33642511 35.00524030 
13.99217820 2.33672844 35.03264915 
14.00196294 2.33703147 35.06005949 
14.01174768 2.33733420 35.08747131 
14.02153242 2.33763664 35.11488461 
14.03131716 2.33793879 35.14229940 
14.04110190 2.33824064 35.16971567 
14.05088664 2.33854219 35.19713341 
14.06067138 2.33884345 35.22455264 
14.07045612 2.33914442 35.25197333 
14.08024086 2.33944509 35.27939551 
14.09002560 2.33974548 35.30681916 
14.09981034 2.34004557 35.33424427 
14.10959508 2.34034537 35.36167086 
14.11937982 2.34064488 35.38909892 
14.12916456 2.34094410 35.41652845 
14.13894930 2.34124302 35.44395944 
14.14873404 2.34154166 35.47139190 
14.15851878 2.34184001 35.49882581 
14.16830352 2.34213807 35.52626120 
14.17808826 2.34243585 35.55369804 
14.18787300 2.34273333 35.58113634 
14.19765774 2.34303053 35.60857610 
14.20744248 2.34332744 35.63601731 
14.21722722 2.34362407 35.66345998 
14.22701196 2.34392041 35.69090410 
14.23679670 2.34421646 35.71834967 
14.24658144 2.34451223 35.74579670 
14.25636618 2.34480772 35.77324517 
14.26615092 2.34510292 35.80069509 
14.27593566 2.34539784 35.82814646 
14.28572040 2.34569247 35.85559927 
14.29550514 2.34598682 35.88305353 
14.30528988 2.34628089 35.91050922 
14.31507462 2.34657468 35.93796636 
14.32485936 2.34686819 35.96542494 
14.33464410 2.34716142 35.99288495 
14.34442884 2.34745436 36.02034641 
14.35421358 2.34774703 36.04780929 
14.36399832 2.34803941 36.07527361 
14.37378306 2.34833152 36.10273937 
14.38356780 2.34862335 36.13020655 
14.39335254 2.34891490 36.15767517 
14.40313728 2.34920617 36.18514521 
14.41292202 2.34949717 36.21261668 
14.42270676 2.34978789 36.24008957 
14.43249150 2.35007833 36.26756389 
14.44227624 2.35036850 36.29503963 
14.45206098 2.35065839 36.32251680 
14.46184572 2.35094801 36.34999538 
14.47163046 2.35123735 36.37747538 
14.48141520 2.35152642 36.40495680 
14.49119994 2.35181521 36.43243964 
14.50098468 2.35210373 36.45992389 
14.51076942 2.35239198 36.48740956 
14.52055416 2.35267995 36.51489663 
14.53033890 2.35296766 36.54238512 
14.54012364 2.35325509 36.56987502 
14.54990838 2.35354225 36.59736632 
14.55969312 2.35382914 36.62485903 
14.56947786 2.35411576 36.65235315 
14.57926260 2.35440211 36.67984867 
14.58904734 2.35468819 36.70734559 
14.59883208 2.35497400 36.73484392 
14.60861682 2.35525954 36.76234364 
14.61840156 2.35554481 36.78984477 
14.62818630 2.35582982 36.81734729 
14.63797104 2.35611456 36.84485121 
14.64775578 2.35639903 36.87235652 
14.65754052 2.35668323 36.89986322 
14.66732526 2.35696717 36.92737132 
14.67711000 2.35725085 36.95488081 
14.68689474 2.35753425 36.98239169 
14.69667948 2.35781740 37.00990396 
14.70646422 2.35810028 37.03741761 
14.71624896 2.35838289 37.06493265 
14.72603370 2.35866524 37.09244907 
14.73581844 2.35894733 37.11996688 
14.74560318 2.35922915 37.14748607 
14.75538792 2.35951072 37.17500664 
14.76517266 2.35979202 37.20252859 
14.77495740 2.36007306 37.23005191 
14.78474214 2.36035383 37.25757662 
14.79452688 2.36063435 37.28510270 
14.80431162 2.36091461 37.31263015 
14.81409636 2.36119460 37.34015898 
14.82388110 2.36147434 37.36768917 
14.83366584 2.36175382 37.39522074 
14.84345058 2.36203304 37.42275368 
14.85323532 2.36231200 37.45028798 
14.86302006 2.36259070 37.47782365 
14.87280480 2.36286914 37.50536069 
14.88258954 2.36314733 37.53289909 
14.89237428 2.36342526 37.56043885 
14.90215902 2.36370294 37.58797997 
14.91194376 2.36398035 37.61552245 
14.92172850 2.36425752 37.64306630 
14.93151324 2.36453442 37.67061150 
14.94129798 2.36481108 37.69815805 
14.95108272 2.36508748 37.72570597 
14.96086746 2.36536362 37.75325523 
14.97065220 2.36563951 37.78080585 
14.98043694 2.36591515 37.80835782 
14.99022168 2.36619053 37.83591114 
15.00000642 2.36646566 37.86346581 
15.00979116 2.36674054 37.89102182 
15.01957590 2.36701517 37.91857919 
15.02936064 2.36728955 37.94613789 
15.03914538 2.36756367 37.97369794 
15.04893012 2.36783755 38.00125934 
15.05871486 2.36811117 38.02882207 
15.06849960 2.36838455 38.05638615 
15.07828434 2.36865767 38.08395157 
15.08806908 2.36893055 38.11151832 
15.09785382 2.36920318 38.13908641 
15.10763856 2.36947556 38.16665583 
15.11742330 2.36974769 38.19422659 
15.12720804 2.37001957 38.22179868 
15.13699278 2.37029121 38.24937211 
15.14677752 2.37056260 38.27694686 
15.15656226 2.37083374 38.30452294 
15.16634700 2.37110464 38.33210035 
15.17613174 2.37137529 38.35967909 
15.18591648 2.37164570 38.38725915 
15.19570122 2.37191586 38.41484054 
15.20548596 2.37218577 38.44242325 
15.21527070 2.37245545 38.47000729 
15.22505544 2.37272487 38.49759264 
15.23484018 2.37299406 38.52517931 
15.24462492 2.37326300 38.55276731 
15.25440966 2.37353170 38.58035662 
15.26419440 2.37380016 38.60794724 
15.27397914 2.37406837 38.63553918 
15.28376388 2.37433635 38.66313243 
15.29354862 2.37460408 38.69072700 
15.30333336 2.37487157 38.71832288 
15.31311810 2.37513882 38.74592007 
15.32290284 2.37540583 38.77351856 
15.33268758 2.37567260 38.80111837 
15.34247232 2.37593913 38.82871948 
15.35225706 2.37620542 38.85632189 
15.36204180 2.37647148 38.88392561 
15.37182654 2.37673729 38.91153064 
15.38161128 2.37700287 38.93913696 
15.39139602 2.37726820 38.96674459 
15.40118076 2.37753331 38.99435351 
15.41096550 2.37779817 39.02196374 
15.42075024 2.37806280 39.04957526 
15.43053498 2.37832719 39.07718808 
15.44031972 2.37859134 39.10480219 
15.45010446 2.37885526 39.13241759 
15.45988920 2.37911895 39.16003429 
15.46967394 2.37938240 39.18765228 
15.47945868 2.37964561 39.21527156 
15.48924342 2.37990859 39.24289213 
15.49902816 2.38017134 39.27051399 
15.50881290 2.38043385 39.29813713 
15.51859764 2.38069614 39.32576156 
15.52838238 2.38095818 39.35338728 
15.53816712 2.38122000 39.38101427 
15.54795186 2.38148158 39.40864255 
15.55773660 2.38174293 39.43627211 
15.56752134 2.38200405 39.46390295 
15.57730608 2.38226494 39.49153507 
15.58709082 2.38252560 39.51916847 
15.59687556 2.38278603 39.54680314 
15.60666030 2.38304622 39.57443909 
15.61644504 2.38330619 39.60207632 
15.62622978 2.38356593 39.62971481 
15.63601452 2.38382544 39.65735458 
15.64579926 2.38408472 39.68499562 
15.65558400 2.38434377 39.71263793 
15.66536874 2.38460259 39.74028151 
15.67515348 2.38486119 39.76792635 
15.68493822 2.38511956 39.79557247 
15.69472296 2.38537770 39.82321984 
15.70450770 2.38563561 39.85086848 
15.71429244 2.38589330 39.87851839 
15.72407718 2.38615076 39.90616956 
15.73386192 2.38640800 39.93382198 
15.74364666 2.38666501 39.96147567 
15.75343140 2.38692180 39.98913062 
15.76321614 2.38717836 40.01678682 
15.77300088 2.38743470 40.04444428 
15.78278562 2.38769081 40.07210299 
15.79257036 2.38794670 40.09976296 
15.80235510 2.38820236 40.12742418 
15.81213984 2.38845781 40.15508666 
15.82192458 2.38871303 40.18275038 
15.83170932 2.38896802 40.21041536 
15.84149406 2.38922280 40.23808158 
15.85127880 2.38947735 40.26574905 
15.86106354 2.38973168 40.29341777 
15.87084828 2.38998579 40.32108774 
15.88063302 2.39023968 40.34875894 
15.89041776 2.39049335 40.37643140 
15.90020250 2.39074680 40.40410509 
15.90998724 2.39100003 40.43178002 
15.91977198 2.39125304 40.45945620 
15.92955672 2.39150583 40.48713361 
15.93934146 2.39175840 40.51481226 
15.94912620 2.39201075 40.54249215 
15.95891094 2.39226289 40.57017328 
15.96869568 2.39251480 40.59785564 
15.97848042 2.39276650 40.62553923 
15.98826516 2.39301798 40.65322405 
15.99804990 2.39326925 40.68091011 
16.00783464 2.39352030 40.70859740 
16.01761938 2.39377113 40.73628591 
16.02740412 2.39402174 40.76397566 
16.03718886 2.39427214 40.79166663 
16.04697360 2.39452232 40.81935883 
16.05675834 2.39477229 40.84705225 
16.06654308 2.39502204 40.87474690 
16.07632782 2.39527158 40.90244277 
16.08611256 2.39552091 40.93013986 
16.09589730 2.39577002 40.95783817 
16.10568204 2.39601891 40.98553771 
16.11546678 2.39626760 41.01323846 
16.12525152 2.39651607 41.04094043 
16.13503626 2.39676432 41.06864362 
16.14482100 2.39701237 41.09634802 
16.15460574 2.39726020 41.12405363 
16.16439048 2.39750782 41.15176046 
16.17417522 2.39775523 41.17946851 
16.18395996 2.39800243 41.20717776 
16.19374470 2.39824942 41.23488823 
16.20352944 2.39849619 41.26259990 
16.21331418 2.39874276 41.29031278 
16.22309892 2.39898912 41.31802687 
16.23288366 2.39923526 41.34574217 
16.24266840 2.39948120 41.37345867 
16.25245314 2.39972693 41.40117638 
16.26223788 2.39997245 41.42889528 
16.27202262 2.40021776 41.45661540 
16.28180736 2.40046286 41.48433671 
16.29159210 2.40070775 41.51205922 
16.30137684 2.40095244 41.53978293 
16.31116158 2.40119692 41.56750784 
16.32094632 2.40144119 41.59523395 
16.33073106 2.40168526 41.62296125 
16.34051580 2.40192911 41.65068975 
16.35030054 2.40217277 41.67841944 
16.36008528 2.40241621 41.70615033 
16.36987002 2.40265945 41.73388241 
16.37965476 2.40290249 41.76161567 
16.38943950 2.40314532 41.78935013 
16.39922424 2.40338794 41.81708578 
16.40900898 2.40363037 41.84482262 
16.41879372 2.40387258 41.87256064 
16.42857846 2.40411460 41.90029985 
16.43836320 2.40435640 41.92804024 
16.44814794 2.40459801 41.95578182 
16.45793268 2.40483941 41.98352458 
16.46771742 2.40508061 42.01126852 
16.47750216 2.40532161 42.03901365 
16.48728690 2.40556241 42.06675995 
16.49707164 2.40580300 42.09450743 
16.50685638 2.40604339 42.12225609 
16.51664112 2.40628358 42.15000593 
16.52642586 2.40652357 42.17775695 
16.53621060 2.40676336 42.20550913 
16.54599534 2.40700295 42.23326250 
16.55578008 2.40724234 42.26101703 
16.56556482 2.40748152 42.28877274 
16.57534956 2.40772051 42.31652962 
16.58513430 2.40795930 42.34428767 
16.59491904 2.40819789 42.37204689 
16.60470378 2.40843628 42.39980728 
16.61448852 2.40867447 42.42756883 
16.62427326 2.40891247 42.45533155 
16.63405800 2.40915026 42.48309544 
16.64384274 2.40938786 42.51086049 
16.65362748 2.40962526 42.53862670 
16.66341222 2.40986246 42.56639408 
16.67319696 2.41009947 42.59416262 
16.68298170 2.41033628 42.62193231 
16.69276644 2.41057289 42.64970317 
16.70255118 2.41080931 42.67747519 
16.71233592 2.41104553 42.70524836 
16.72212066 2.41128156 42.73302269 
16.73190540 2.41151739 42.76079818 
16.74169014 2.41175302 42.78857482 
16.75147488 2.41198846 42.81635261 
16.76125962 2.41222371 42.84413156 
16.77104436 2.41245876 42.87191166 
16.78082910 2.41269362 42.89969291 
16.79061384 2.41292828 42.92747531 
16.80039858 2.41316275 42.95525886 
16.81018332 2.41339703 42.98304355 
16.81996806 2.41363112 43.01082939 
16.82975280 2.41386501 43.03861638 
16.83953754 2.41409871 43.06640452 
16.84932228 2.41433222 43.09419380 
16.85910702 2.41456553 43.12198422 
16.86889176 2.41479865 43.14977579 
16.87867650 2.41503159 43.17756849 
16.88846124 2.41526433 43.20536234 
16.89824598 2.41549688 43.23315732 
16.90803072 2.41572924 43.26095345 
16.91781546 2.41596141 43.28875071 
16.92760020 2.41619339 43.31654911 
16.93738494 2.41642518 43.34434864 
16.94716968 2.41665678 43.37214931 
16.95695442 2.41688819 43.39995112 
16.96673916 2.41711942 43.42775405 
16.97652390 2.41735045 43.45555812 
16.98630864 2.41758129 43.48336332 
16.99609338 2.41781195 43.51116965 
17.00587812 2.41804242 43.53897711 
17.01566286 2.41827270 43.56678570 
17.02544760 2.41850280 43.59459541 
17.03523234 2.41873270 43.62240626 
17.04501708 2.41896242 43.65021822 
17.05480182 2.41919196 43.67803132 
17.06458656 2.41942130 43.70584553 
17.07437130 2.41965046 43.73366087 
17.08415604 2.41987944 43.76147733 
17.09394078 2.42010823 43.78929491 
17.10372552 2.42033683 43.81711361 
17.11351026 2.42056525 43.84493344 
17.12329500 2.42079348 43.87275437 
17.13307974 2.42102153 43.90057643 
17.14286448 2.42124939 43.92839960 
17.15264922 2.42147707 43.95622389 
17.16243396 2.42170457 43.98404930 
17.17221870 2.42193188 44.01187581 
17.18200344 2.42215901 44.03970344 
17.19178818 2.42238596 44.06753219 
17.20157292 2.42261272 44.09536204 
17.21135766 2.42283930 44.12319300 
17.22114240 2.42306570 44.15102508 
17.23092714 2.42329191 44.17885826 
17.24071188 2.42351794 44.20669255 
17.25049662 2.42374380 44.23452794 
17.26028136 2.42396947 44.26236444 
17.27006610 2.42419495 44.29020205 
17.27985084 2.42442026 44.31804076 
17.28963558 2.42464539 44.34588057 
17.29942032 2.42487034 44.37372149 
17.30920506 2.42509510 44.40156350 
17.31898980 2.42531969 44.42940662 
17.32877454 2.42554409 44.45725084 
17.33855928 2.42576832 44.48509615 
17.34834402 2.42599237 44.51294256 
17.35812876 2.42621624 44.54079007 
17.36791350 2.42643993 44.56863868 
17.37769824 2.42666344 44.59648838 
17.38748298 2.42688677 44.62433917 
17.39726772 2.42710992 44.65219106 
17.40705246 2.42733290 44.68004404 
17.41683720 2.42755570 44.70789811 
17.42662194 2.42777832 44.73575328 
17.43640668 2.42800077 44.76360953 
17.44619142 2.42822303 44.79146687 
17.45597616 2.42844512 44.81932530 
17.46576090 2.42866704 44.84718482 
17.47554564 2.42888878 44.87504542 
17.48533038 2.42911034 44.90290711 
17.49511512 2.42933172 44.93076989 
17.50489986 2.42955293 44.95863375 
17.51468460 2.42977397 44.98649869 
17.52446934 2.42999483 45.01436471 
17.53425408 2.43021551 45.04223181 
17.54403882 2.43043603 45.07010000 
17.55382356 2.43065636 45.09796926 
17.56360830 2.43087652 45.12583960 
17.57339304 2.43109651 45.15371102 
17.58317778 2.43131633 45.18158352 
17.59296252 2.43153597 45.20945710 
17.60274726 2.43175543 45.23733174 
17.61253200 2.43197473 45.26520747 
17.62231674 2.43219385 45.29308427 
17.63210148 2.43241280 45.32096213 
17.64188622 2.43263158 45.34884108 
17.65167096 2.43285018 45.37672109 
17.66145570 2.43306861 45.40460217 
17.67124044 2.43328688 45.43248432 
17.68102518 2.43350497 45.46036754 
17.69080992 2.43372288 45.48825183 
17.70059466 2.43394063 45.51613719 
17.71037940 2.43415821 45.54402361 
17.72016414 2.43437562 45.57191109 
17.72994888 2.43459285 45.59979964 
17.73973362 2.43480992 45.62768926 
17.74951836 2.43502681 45.65557993 
17.75930310 2.43524354 45.68347167 
17.76908784 2.43546010 45.71136447 
17.77887258 2.43567648 45.73925833 
17.78865732 2.43589270 45.76715325 
17.79844206 2.43610875 45.79504923 
17.80822680 2.43632463 45.82294626 
17.81801154 2.43654035 45.85084435 
17.82779628 2.43675589 45.87874350 
17.83758102 2.43697127 45.90664370 
17.84736576 2.43718648 45.93454496 
17.85715050 2.43740152 45.96244727 
17.86693524 2.43761639 45.99035064 
17.87671998 2.43783110 46.01825505 
17.88650472 2.43804564 46.04616052 
17.89628946 2.43826002 46.07406703 
17.90607420 2.43847422 46.10197460 
17.91585894 2.43868826 46.12988322 
17.92564368 2.43890214 46.15779288 
17.93542842 2.43911585 46.18570359 
17.94521316 2.43932939 46.21361534 
17.95499790 2.43954277 46.24152814 
17.96478264 2.43975599 46.26944199 
17.97456738 2.43996904 46.29735688 
17.98435212 2.44018192 46.32527281 
17.99413686 2.44039464 46.35318979 
18.00392160 2.44060720 46.38110780 
18.01370634 2.44081959 46.40902686 
18.02349108 2.44103181 46.43694695 
18.03327582 2.44124388 46.46486809 
18.04306056 2.44145578 46.49279026 
18.05284530 2.44166752 46.52071347 
18.06263004 2.44187909 46.54863772 
18.07241478 2.44209050 46.57656300 
18.08219952 2.44230175 46.60448932 
18.09198426 2.44251284 46.63241667 
18.10176900 2.44272376 46.66034505 
18.11155374 2.44293453 46.68827447 
18.12133848 2.44314513 46.71620492 
18.13112322 2.44335557 46.74413640 
18.14090796 2.44356584 46.77206891 
18.15069270 2.44377596 46.80000245 
18.16047744 2.44398592 46.82793702 
18.17026218 2.44419571 46.85587261 
18.18004692 2.44440535 46.88380924 
18.18983166 2.44461482 46.91174688 
18.19961640 2.44482414 46.93968556 
18.20940114 2.44503329 46.96762526 
18.21918588 2.44524228 46.99556598 
18.22897062 2.44545112 47.02350773 
18.23875536 2.44565980 47.05145049 
18.24854010 2.44586831 47.07939428 
18.25832484 2.44607667 47.10733909 
18.26810958 2.44628487 47.13528492 
18.27789432 2.44649291 47.16323177 
18.28767906 2.44670079 47.19117964 
18.29746380 2.44690852 47.21912853 
18.30724854 2.44711608 47.24707843 
18.31703328 2.44732349 47.27502935 
18.32681802 2.44753074 47.30298128 
18.33660276 2.44773784 47.33093423 
18.34638750 2.44794477 47.35888819 
18.35617224 2.44815155 47.38684317 
18.36595698 2.44835818 47.41479915 
18.37574172 2.44856465 47.44275615 
18.38552646 2.44877096 47.47071416 
18.39531120 2.44897711 47.49867318 
18.40509594 2.44918311 47.52663321 
18.41488068 2.44938895 47.55459424 
18.42466542 2.44959464 47.58255629 
18.43445016 2.44980017 47.61051934 
18.44423490 2.45000555 47.63848340 
18.45401964 2.45021077 47.66644846 
18.46380438 2.45041584 47.69441452 
18.47358912 2.45062075 47.72238160 
18.48337386 2.45082551 47.75034967 
18.49315860 2.45103011 47.77831874 
18.50294334 2.45123456 47.80628882 
18.51272808 2.45143886 47.83425990 
18.52251282 2.45164300 47.86223198 
18.53229756 2.45184699 47.89020506 
18.54208230 2.45205083 47.91817913 
18.55186704 2.45225451 47.94615421 
18.56165178 2.45245804 47.97413028 
18.57143652 2.45266142 48.00210734 
18.58122126 2.45286465 48.03008541 
18.59100600 2.45306772 48.05806446 
18.60079074 2.45327064 48.08604452 
18.61057548 2.45347341 48.11402556 
18.62036022 2.45367603 48.14200760 
18.63014496 2.45387850 48.16999063 
18.63992970 2.45408081 48.19797465 
18.64971444 2.45428298 48.22595966 
18.65949918 2.45448499 48.25394566 
18.66928392 2.45468685 48.28193265 
18.67906866 2.45488856 48.30992062 
18.68885340 2.45509013 48.33790959 
18.69863814 2.45529154 48.36589954 
18.70842288 2.45549280 48.39389047 
18.71820762 2.45569391 48.42188240 
18.72799236 2.45589487 48.44987530 
18.73777710 2.45609569 48.47786919 
18.74756184 2.45629635 48.50586407 
18.75734658 2.45649686 48.53385992 
18.76713132 2.45669723 48.56185676 
18.77691606 2.45689745 48.58985457 
18.78670080 2.45709752 48.61785337 
18.79648554 2.45729744 48.64585315 
18.80627028 2.45749721 48.67385390 
18.81605502 2.45769683 48.70185564 
18.82583976 2.45789631 48.72985835 
18.83562450 2.45809564 48.75786203 
18.84540924 2.45829482 48.78586670 
18.85519398 2.45849385 48.81387233 
18.86497872 2.45869274 48.84187894 
18.87476346 2.45889148 48.86988653 
18.88454820 2.45909007 48.89789509 
18.89433294 2.45928852 48.92590462 
18.90411768 2.45948682 48.95391512 
18.91390242 2.45968498 48.98192659 
18.92368716 2.45988298 49.00993903 
18.93347190 2.46008070 49.03794953 
18.94325664 2.46027856 49.06596682 
18.95304138 2.46047614 49.09398217 
18.96282612 2.46067356 49.12199848 
18.97261086 2.46087084 49.15001576 
18.98239560 2.46106798 49.17803401 
18.99218034 2.46126497 49.20605322 
19.00196508 2.46146182 49.23407340 
19.01174982 2.46165852 49.26209453 
19.02153456 2.46185508 49.29011664 
19.03131930 2.46205150 49.31813970 
19.04110404 2.46224777 49.34616372 
19.05088878 2.46244390 49.37418871 
19.06067352 2.46263988 49.40221466 
19.07045826 2.46283572 49.43024156 
19.08024300 2.46303142 49.45826942 
19.09002774 2.46322697 49.48629825 
19.09981248 2.46342239 49.51432802 
19.10959722 2.46361766 49.54235876 
19.11938196 2.46381278 49.57039045 
19.12916670 2.46400777 49.59842310 
19.13895144 2.46420261 49.62645670 
19.14873618 2.46439731 49.65449125 
19.15852092 2.46459187 49.68252676 
19.16830566 2.46478629 49.71056322 
19.17809040 2.46498056 49.73860063 
19.18787514 2.46517470 49.76663899 
19.19765988 2.46536869 49.79467830 
19.20744462 2.46556254 49.82271856 
19.21722936 2.46575626 49.85075977 
19.22701410 2.46594983 49.87880193 
19.23679884 2.46614326 49.90684504 
19.24658358 2.46633655 49.93488909 
19.25636832 2.46652970 49.96293409 
19.26615306 2.46672271 49.99098003 
19.27593780 2.46691558 50.01902692 
19.28572254 2.46710831 50.04707475 
19.29550728 2.46730091 50.07512353 
19.30529202 2.46749336 50.10317325 
19.31507676 2.46768568 50.13122391 
19.32486150 2.46787785 50.15927551 
19.33464624 2.46806989 50.18732805 
19.34443098 2.46826179 50.21538154 
19.35421572 2.46845355 50.24343596 
19.36400046 2.46864517 50.27149132 
19.37378520 2.46883665 50.29954762 
19.38356994 2.46902800 50.32760485 
19.39335468 2.46921920 50.35566302 
19.40313942 2.46941028 50.38372213 
19.41292416 2.46960121 50.41178217 
19.42270890 2.46979200 50.43984315 
19.43249364 2.46998266 50.46790506 
19.44227838 2.47017319 50.49596791 
19.45206312 2.47036357 50.52403168 
19.46184786 2.47055382 50.55209639 
19.47163260 2.47074393 50.58016203 
19.48141734 2.47093391 50.60822860 
19.49120208 2.47112375 50.63629610 
19.50098682 2.47131345 50.66436453 
19.51077156 2.47150302 50.69243389 
19.52055630 2.47169245 50.72050418 
19.53034104 2.47188175 50.74857539 
19.54012578 2.47207091 50.77664753 
19.54991052 2.47225994 50.80472060 
19.55969526 2.47244883 50.83279459 
19.56948000 2.47263759 50.86086950 
19.57926474 2.47282622 50.88894534 
19.58904948 2.47301470 50.91702210 
19.59883422 2.47320306 50.94509979 
19.60861896 2.47339128 50.97317839 
19.61840370 2.47357936 51.00125792 
19.62818844 2.47376732 51.02933837 
19.63797318 2.47395514 51.05741974 
19.64775792 2.47414282 51.08550203 
19.65754266 2.47433037 51.11358523 
19.66732740 2.47451779 51.14166936 
19.67711214 2.47470508 51.16975440 
19.68689688 2.47489223 51.19784035 
19.69668162 2.47507925 51.22592723 
19.70646636 2.47526614 51.25401502 
19.71625110 2.47545289 51.28210372 
19.72603584 2.47563952 51.31019334 
19.73582058 2.47582601 51.33828387 
19.74560532 2.47601237 51.36637532 
19.75539006 2.47619859 51.39446767 
19.76517480 2.47638469 51.42256094 
19.77495954 2.47657065 51.45065512 
19.78474428 2.47675649 51.47875021 
19.79452902 2.47694219 51.50684620 
19.80431376 2.47712776 51.53494311 
19.81409850 2.47731320 51.56304093 
19.82388324 2.47749851 51.59113965 
19.83366798 2.47768369 51.61923928 
19.84345272 2.47786873 51.64733982 
19.85323746 2.47805365 51.67544126 
19.86302220 2.47823844 51.70354360 
19.87280694 2.47842310 51.73164686 
19.88259168 2.47860763 51.75975101 
19.89237642 2.47879203 51.78785607 
19.90216116 2.47897630 51.81596203 
19.91194590 2.47916043 51.84406889 
19.92173064 2.47934445 51.87217666 
19.93151538 2.47952833 51.90028532 
19.94130012 2.47971208 51.92839489 
19.95108486 2.47989570 51.95650535 
19.96086960 2.48007920 51.98461671 
19.97065434 2.48026257 52.01272897 
19.98043908 2.48044581 52.04084213 
19.99022382 2.48062892 52.06895618 
19.991202294 2.480647221 52.071767639
19.992180768 2.480665524 52.074579102
19.993159242 2.480683825 52.077390575
19.994137716 2.480702126 52.080202057
19.995116190 2.480720425 52.083013547
19.996094664 2.480738722 52.085825047
19.997073138 2.480757019 52.088636556
19.998051612 2.480775314 52.091448073
19.999030086 2.480793607 52.094259599
20.000008560 2.480811900 52.097071135
20.000987034 2.480830191 52.099882679
20.001965508 2.480848481 52.102694233
20.002943982 2.480866770 52.105505795
20.003922456 2.480885057 52.108317366
20.004900930 2.480903343 52.111128946
20.005879404 2.480921628 52.113940535
20.006857878 2.480939912 52.116752133
20.007836352 2.480958194 52.119563740
20.008814826 2.480976475 52.122375356
20.009793300 2.480994755 52.125186981
20.010771774 2.481013033 52.127998615
20.011750248 2.481031311 52.130810258
20.012728722 2.481049587 52.133621910
20.013707196 2.481067861 52.136433570
20.014685670 2.481086135 52.139245240
20.015664144 2.481104407 52.142056919
20.016642618 2.481122678 52.144868606
20.017621092 2.481140947 52.147680303
20.018599566 2.481159215 52.150492008
20.019578040 2.481177482 52.153303723
20.020556514 2.481195748 52.156115446
20.021534988 2.481214013 52.158927178
20.022513462 2.481232276 52.161738919
20.023491936 2.481250538 52.164550670
20.024470410 2.481268798 52.167362429
20.025448884 2.481287058 52.170174197
20.026427358 2.481305316 52.172985974
20.027405832 2.481323573 52.175797760
20.028384306 2.481341828 52.178609554
20.029362780 2.481360082 52.181421358
20.030341254 2.481378335 52.184233171
20.031319728 2.481396587 52.187044993
20.032298202 2.481414837 52.189856823
20.033276676 2.481433087 52.192668663
20.034255150 2.481451334 52.195480511
20.035233624 2.481469581 52.198292369
20.036212098 2.481487826 52.201104235
20.037190572 2.481506070 52.203916110
20.038169046 2.481524313 52.206727994
20.039147520 2.481542555 52.209539888
20.040125994 2.481560795 52.212351790
20.041104468 2.481579034 52.215163701
20.042082942 2.481597272 52.217975621
20.043061416 2.481615508 52.220787549
20.044039890 2.481633743 52.223599487
20.045018364 2.481651977 52.226411434
20.045996838 2.481670210 52.229223389
20.046975312 2.481688441 52.232035354
20.047953786 2.481706671 52.234847328
20.048932260 2.481724900 52.237659310
20.049910734 2.481743128 52.240471301
20.050889208 2.481761354 52.243283302
20.051867682 2.481779579 52.246095311
20.052846156 2.481797803 52.248907329
20.053824630 2.481816025 52.251719356
20.054803104 2.481834246 52.254531392
20.055781578 2.481852466 52.257343437
20.056760052 2.481870685 52.260155490
20.057738526 2.481888902 52.262967553
20.058717000 2.481907118 52.265779625
20.059695474 2.481925333 52.268591705
20.060673948 2.481943547 52.271403795
20.061652422 2.481961759 52.274215893
20.062630896 2.481979970 52.277028000
20.063609370 2.481998180 52.279840117
20.064587844 2.482016388 52.282652242
20.065566318 2.482034596 52.285464376
20.066544792 2.482052801 52.288276519
20.067523266 2.482071006 52.291088671
20.068501740 2.482089210 52.293900831
20.069480214 2.482107412 52.296713001
20.070458688 2.482125613 52.299525180
20.071437162 2.482143812 52.302337367
20.072415636 2.482162011 52.305149564
20.073394110 2.482180208 52.307961769
20.074372584 2.482198404 52.310773983
20.075351058 2.482216598 52.313586206
20.076329532 2.482234791 52.316398438
20.077308006 2.482252983 52.319210679
20.078286480 2.482271174 52.322022929
20.079264954 2.482289364 52.324835188
20.080243428 2.482307552 52.327647456
20.081221902 2.482325739 52.330459732
20.082200376 2.482343924 52.333272018
20.083178850 2.482362109 52.336084312
20.084157324 2.482380292 52.338896615
20.085135798 2.482398474 52.341708928
20.086114272 2.482416655 52.344521249
20.087092746 2.482434834 52.347333579
20.088071220 2.482453012 52.350145918
20.089049694 2.482471189 52.352958265
20.090028168 2.482489364 52.355770622
20.091006642 2.482507539 52.358582988
20.091985116 2.482525712 52.361395362
20.092963590 2.482543884 52.364207745
20.093942064 2.482562054 52.367020138
20.094920538 2.482580223 52.369832539
20.095899012 2.482598391 52.372644949
20.096877486 2.482616558 52.375457368
20.097855960 2.482634723 52.378269796
20.098834434 2.482652888 52.381082233
20.099812908 2.482671051 52.383894678
20.100791382 2.482689212 52.386707133
20.101769856 2.482707373 52.389519596
20.102748330 2.482725532 52.392332069
20.103726804 2.482743690 52.395144550
20.104705278 2.482761846 52.397957040
20.105683752 2.482780002 52.400769539
20.106662226 2.482798156 52.403582047
20.107640700 2.482816308 52.406394563
20.108619174 2.482834460 52.409207089
20.109597648 2.482852610 52.412019624