0 20.05 0.179
1 14.99 0.271
2 11.98 0.370
3 10.98 0.418
4 10.00 0.475
5 9.39 	0.517
6 9.00 	0.547
7 8.45 	0.596
8 8.01 	0.640
9 7.60 	0.687
10 7.24 0.732
11 7.01 0.764
12 6.49 0.844
13 6.01 0.932
14 5.85 0.965
15 5.53 1.036
16 5.23 1.112
17 5.00 1.177
18 4.66 1.282
19 4.43 1.366
20 4.18 1.466
21 4.01 1.540
22 3.71 1.689
23 3.49 1.812
24 3.28 1.944
25 3.01 2.145
26 2.90 2.238
27 2.73 2.384
28 2.58 2.539
29 2.44 2.685
30 2.32 2.839
31 2.21 2.981
32 2.10 3.129
33 2.00 3.285
34 1.90 3.447
35 1.82 3.593
36 1.74 3.744
37 1.67 3.902
38 1.60 4.038
39 1.53 4.206
40 1.50 4.293
41 1.41 4.502
42 1.36 4.657
43 1.30 4.816
44 1.25 4.980
45 1.21 5.115
46 1.15 5.289
47 1.11 5.431
48 1.07 5.577
49 1.04 5.726
50 1.00 5.878
51 0.95 6.073
52 0.92 6.193
53 0.89 6.356
54 0.85 6.522
55 0.82 6.692
56 0.79 6.822
57 0.76 6.998
58 0.73 7.132
59 0.70 7.314
60 0.68 7.453
61 0.64 7.642
62 0.62 7.786
63 0.60 7.932
64 0.58 8.079
65 0.55 8.280
66 0.52 8.432
67 0.50 8.587
68 0.48 8.743
69 0.46 8.902
70 0.44 9.062
71 0.42 9.225
72 0.40 9.389
73 0.38 9.556
74 0.36 9.724
75 0.35 9.837
76 0.33 10.009
77 0.31 10.182
78 0.30 10.299
79 0.27 10.535
80 0.26 10.654
81 0.24 10.834
82 0.23 11.016
83 0.21 11.138
84 0.20 11.323
85 0.18 11.509
86 0.17 11.635
87 0.15 11.824
88 0.14 11.951
89 0.13 12.143
90 0.11 12.337
91 0.10 12.467
92 0.08 12.663
93 0.07 12.795
94 0.06 12.993
95 0.05 13.127
96 0.03 13.328
97 0.02 13.463
98 0.01 13.667
99 0.00 13.803
